p cnf 50 100
-49 -29 -42 -21 -13 -31 -32 -1 -39 12 0
33 8 19 31 2 10 13 43 26 9 0
30 -37 -26 -42 14 43 -27 40 -31 -15 0
32 17 11 7 -12 44 50 47 40 38 0
7 34 -13 -48 19 22 42 1 14 10 0
-16 -12 -35 -14 -19 2 -1 -11 17 -6 0
1 -34 38 -4 -9 25 -33 35 45 -31 0
-9 -20 -14 -32 -33 -13 -39 -27 17 -45 0
38 15 2 -4 -36 46 7 18 6 39 0
49 -1 33 10 26 -19 9 44 -8 12 0
12 34 9 14 45 28 29 3 46 33 0
7 47 6 -39 18 27 -24 9 -11 42 0
41 -17 39 40 32 22 49 -34 44 -6 0
-16 3 20 -47 7 46 27 40 -34 -19 0
46 33 42 38 34 10 13 36 50 48 0
-19 -35 -9 -49 -14 45 21 28 -8 11 0
-10 42 -46 -50 48 -43 25 -23 38 -24 0
30 -50 -6 23 -25 -38 -8 -29 32 -20 0
33 38 43 11 15 14 -5 -32 35 -13 0
35 -32 44 -30 7 -45 -46 27 29 25 0
-40 6 -10 -35 14 -18 -12 -49 -21 48 0
-2 -19 -26 34 -7 47 -45 -44 36 -28 0
-23 -18 4 -3 34 -42 -10 36 37 41 0
-39 17 -26 -38 -46 -35 -37 -20 -13 -50 0
27 13 48 38 12 6 24 37 11 26 0
-45 33 -25 36 -42 -22 43 -29 3 46 0
12 24 31 -1 -42 4 38 49 -37 -7 0
-11 45 -7 -22 16 26 -36 5 18 10 0
8 -20 -14 -31 -28 -10 2 -36 -23 -41 0
36 44 -4 35 9 -31 2 -38 -30 50 0
6 50 -46 9 2 20 17 49 19 34 0
5 23 20 -17 -2 10 -49 33 30 25 0
37 -33 2 34 -42 1 -27 35 18 -49 0
-12 -43 -50 41 -40 9 -29 28 -21 38 0
42 32 33 10 -13 -14 23 20 -40 -31 0
-10 -21 4 -11 -25 -8 -43 -49 -42 24 0
-50 -41 33 -17 49 26 8 -32 -11 -21 0
6 -5 -4 8 18 -42 -3 -37 46 -29 0
-7 -9 35 40 28 -21 -11 -19 -5 -42 0
-2 15 30 -13 -3 -39 -4 28 -8 38 0
24 32 -8 21 -20 23 43 17 41 35 0
-29 -35 -28 10 -19 -44 -39 -30 -20 -43 0
-43 -33 -37 -11 14 -20 -19 -6 5 28 0
-41 8 -38 -22 -30 -46 -24 -28 -45 12 0
28 -33 -38 -8 46 35 -18 25 24 23 0
34 9 24 16 13 35 15 17 23 37 0
-5 15 -26 -31 7 -40 -29 -35 -44 -43 0
-4 -11 2 -5 -48 -42 10 -15 -32 -9 0
-27 41 28 24 -29 -46 15 31 8 42 0
-22 -45 31 24 5 10 34 1 41 -37 0
-5 -8 10 -19 43 -31 -7 -29 -37 -45 0
19 40 -23 -13 -21 -32 9 50 17 -1 0
-46 4 -6 -24 23 21 -11 40 17 -3 0
12 -2 37 3 32 29 -35 -44 -27 -8 0
-35 -10 -50 21 42 22 25 -1 -13 -44 0
-39 13 4 17 25 31 26 18 40 -10 0
-50 -25 -38 -44 18 -5 -11 -16 -41 -48 0
-21 -36 -40 -28 -44 12 -7 -31 26 -15 0
-15 35 3 -5 12 28 -2 20 25 19 0
24 -50 -49 -28 -8 -32 30 2 -47 -31 0
-12 44 42 18 -45 47 48 36 39 25 0
17 38 5 37 46 42 8 24 29 18 0
27 -28 20 -21 3 22 7 44 48 5 0
-45 -4 22 -39 -33 41 -37 48 -49 38 0
-7 37 -33 2 15 -6 -22 -13 -16 -10 0
20 -8 38 35 -17 22 -48 -4 29 -23 0
-14 41 -40 -46 -19 -32 -6 -1 -3 -12 0
-43 26 -47 18 20 45 -4 13 -24 25 0
44 43 12 -40 39 -30 -49 -13 48 -37 0
-35 -19 -4 6 -38 -5 -13 -49 -17 -14 0
12 27 -34 37 29 -16 -25 35 17 40 0
-41 -17 25 22 31 11 44 -6 26 47 0
-13 5 34 -18 -12 38 33 50 49 42 0
-18 -47 -45 -42 15 -8 7 -40 26 11 0
-46 -29 47 39 -18 -37 34 43 -45 -32 0
-29 -25 -27 33 -39 34 -38 12 16 46 0
2 37 -34 9 22 50 20 35 7 41 0
5 8 21 10 25 -33 22 -12 39 45 0
-27 -45 -38 -25 -24 -12 -29 8 -41 23 0
20 -23 22 43 13 -48 -17 -28 -29 5 0
7 14 34 46 49 22 30 25 5 4 0
19 -47 37 42 12 17 39 3 16 26 0
24 26 44 1 -49 32 43 -42 -48 10 0
-41 -18 15 28 -47 19 -13 11 -3 -4 0
-39 -38 14 9 43 6 27 42 15 17 0
44 20 40 -49 -39 -13 33 -17 12 -45 0
-16 -33 5 -20 -15 -41 27 -49 -35 -21 0
28 30 47 44 17 36 1 6 13 15 0
33 17 21 -18 26 11 36 8 2 5 0
-4 14 -40 -39 -9 -44 -17 16 -29 -19 0
48 45 29 50 40 44 18 30 43 10 0
-40 -17 -39 -26 47 -12 -38 4 -36 -21 0
-43 -21 -33 48 45 -17 -1 -39 -16 -46 0
-7 48 8 19 29 -1 33 3 -9 23 0
22 -45 14 12 -21 -2 17 -24 50 18 0
25 47 2 6 3 9 14 15 10 43 0
29 21 16 26 49 45 -3 -34 43 38 0
11 49 -16 12 -30 -47 43 -28 10 36 0
-31 46 -28 -13 -16 27 25 -20 -10 -45 0
43 -19 50 11 -18 41 35 6 17 48 0
