p cnf 3000 5000
2210 60 2493 0
1699 1198 1206 0
2803 -2126 2629 0
2732 -978 -2789 0
2001 2840 1862 0
353 2614 1246 0
2851 -1880 1000 0
2658 1257 1867 0
-613 -1385 41 0
945 2977 1029 0
-2462 2250 387 0
2825 -1034 2406 0
2406 2606 373 0
-179 1649 -2090 0
2804 141 1657 0
212 -2187 -2386 0
-353 1190 -2115 0
1108 798 1972 0
58 2344 2765 0
-554 592 -327 0
1209 -1298 -2639 0
847 1330 2536 0
722 1834 2415 0
137 333 -2820 0
-457 -1155 139 0
1834 2697 1420 0
-128 -678 2651 0
1179 2104 -1896 0
631 -528 -2242 0
-81 -2252 682 0
1818 -821 -723 0
181 2794 914 0
2232 394 1564 0
1277 2071 2691 0
741 -395 -1917 0
-1670 -944 542 0
2825 2006 2870 0
-1821 740 -1814 0
2121 -2068 2425 0
216 -1963 1115 0
2787 -1562 731 0
2942 2015 2008 0
106 -524 327 0
-1633 -1230 1050 0
-2272 -454 1206 0
2129 1591 2431 0
2742 2730 379 0
-1487 1093 419 0
82 -365 -387 0
-2967 -114 832 0
668 2017 -1366 0
-1953 -1729 576 0
2395 1126 2795 0
1141 -128 1345 0
2356 -22 2666 0
-2404 1477 -667 0
385 2303 1009 0
2680 789 680 0
2773 2281 -2414 0
2904 2357 2845 0
-2274 2031 2868 0
-1344 -255 570 0
681 2156 2761 0
193 -1090 2497 0
106 1692 -910 0
2228 -110 2680 0
-1126 2130 -990 0
732 701 1888 0
2524 1994 812 0
1642 1125 2560 0
2299 915 2720 0
-912 2019 409 0
-1201 1396 -1254 0
-1610 65 672 0
2923 -454 -206 0
785 1127 2463 0
-709 155 2593 0
466 308 1638 0
1126 2691 1886 0
1085 1226 -1847 0
2466 1559 211 0
1038 1051 -954 0
-1357 -2458 2328 0
2907 -2237 215 0
2958 2052 -125 0
-1291 -2548 2190 0
679 1498 274 0
1449 -1076 2858 0
799 1961 149 0
145 -1532 711 0
-1592 636 776 0
2221 2281 2049 0
-2470 -1603 1552 0
-2347 990 576 0
-1848 1397 2028 0
12 2462 -2254 0
1022 1087 271 0
474 2703 412 0
-1182 2141 2339 0
1768 1822 443 0
1628 243 37 0
1540 975 -1761 0
-1958 808 -1915 0
-961 481 -1200 0
-2821 1356 2047 0
235 -1772 -2354 0
2250 -278 1739 0
122 -334 1269 0
853 -1025 1107 0
-438 2463 1419 0
825 2817 277 0
-2244 2857 -391 0
-2001 -2008 223 0
1545 2184 2400 0
961 2945 1696 0
-2717 -2623 2955 0
-2689 -382 2121 0
620 -2267 -2074 0
2924 1841 1530 0
893 1070 -1977 0
-753 -2633 1030 0
-1955 26 -370 0
-1269 -1709 1211 0
2199 -2752 1357 0
960 1016 186 0
17 2891 1202 0
-470 -1080 2818 0
-2005 -2041 1800 0
1599 682 -210 0
-2717 1191 -2325 0
-674 1607 2393 0
2783 2750 -1383 0
-2215 1595 908 0
-2381 507 737 0
1770 2494 1417 0
-844 1015 399 0
2542 -1275 -2940 0
-1956 -1791 1817 0
363 -2956 1135 0
2488 1398 -2465 0
859 -944 -1517 0
1077 2120 1868 0
-1040 1845 -2895 0
-919 2513 -820 0
2721 194 2004 0
2132 -1489 -1059 0
-868 2915 997 0
859 -865 -701 0
2930 -2842 -468 0
-1962 2184 1478 0
2784 2430 994 0
2549 220 -2723 0
-2560 1891 460 0
2594 -1048 -126 0
2363 1233 2263 0
2745 1552 2239 0
271 2174 -1994 0
402 1997 -2078 0
-2376 568 -930 0
-1859 2544 -296 0
2365 292 -1991 0
732 -736 -2469 0
1426 2141 1485 0
1760 1234 -2420 0
-1764 2157 -1249 0
2892 887 2310 0
2607 728 -2387 0
-2473 1475 -131 0
-2142 2606 -723 0
1942 -478 2193 0
-2309 455 -501 0
2620 2260 -1706 0
489 1958 -2040 0
2368 2885 1020 0
1594 780 -868 0
192 335 1133 0
2466 2569 1187 0
-2689 2995 -1079 0
844 2515 2138 0
2512 1451 -2817 0
-2949 1425 -644 0
-1039 1837 -2261 0
269 617 2533 0
-543 -944 220 0
1500 -2560 267 0
-1124 1584 184 0
2992 2410 919 0
1447 160 1623 0
2359 860 -1110 0
2965 566 285 0
2198 1279 2676 0
-103 -743 397 0
205 2157 2213 0
2244 289 2600 0
-1746 1258 -1171 0
616 -197 268 0
1832 -2010 -1331 0
1977 754 393 0
-831 1238 1219 0
-2174 2966 2947 0
-2641 -2771 1008 0
2332 -2828 2958 0
2622 -2956 1767 0
-729 -2139 2993 0
-92 2464 -1624 0
2774 368 -233 0
-586 316 1061 0
1162 -476 2889 0
734 -2241 1757 0
2472 -444 -306 0
1599 2152 2722 0
1392 680 1055 0
1084 234 2344 0
1895 1778 1714 0
285 151 907 0
2642 -2473 2307 0
-2917 1047 2527 0
2626 -425 -2977 0
1333 -2280 823 0
-2004 2195 653 0
-1683 -2323 795 0
-582 2347 1155 0
50 2783 2110 0
1245 2014 120 0
-2441 1260 -2325 0
-2133 1839 842 0
2728 -1260 1816 0
1074 -818 -251 0
1841 -2807 392 0
1048 -1672 -2484 0
2606 1936 1462 0
-556 592 -179 0
146 2850 1021 0
284 -1892 1139 0
929 2438 498 0
382 813 1532 0
1959 -352 1103 0
1946 -2643 492 0
-1894 775 -399 0
-2492 -2204 452 0
1089 10 1689 0
1628 -1283 -1106 0
1313 846 1369 0
306 -1292 2407 0
-2681 -2896 181 0
586 1893 1943 0
1858 342 2043 0
-1489 -734 599 0
1208 1774 767 0
178 -1379 1814 0
1007 2193 554 0
2270 -2652 2129 0
-1477 -712 899 0
-2166 1753 -1773 0
714 -2029 2043 0
2474 -274 2127 0
1696 734 1428 0
2089 -424 389 0
-2114 2614 2212 0
1730 -2964 2074 0
2397 700 1452 0
427 -665 -1927 0
2450 2916 2569 0
1375 1580 1998 0
97 2006 185 0
592 975 879 0
1457 2628 1377 0
-1556 2033 443 0
-1345 2024 2758 0
2891 2672 -1014 0
-104 1804 -2610 0
1504 423 2944 0
450 2674 -2540 0
2057 2066 1926 0
-2818 16 -1713 0
2177 -1124 751 0
-2039 1144 -2461 0
782 2326 -2715 0
499 -234 -1709 0
2611 1276 2474 0
1697 402 -279 0
-965 1884 -1836 0
2000 -1747 -540 0
-606 413 2259 0
553 2312 1316 0
1177 -2760 2321 0
-1005 -1313 1456 0
2975 -636 733 0
-2346 -877 1937 0
-742 2250 1395 0
2395 -377 2978 0
1220 1979 2680 0
-2206 -2968 1986 0
2979 1358 -1547 0
-66 1204 -479 0
-49 1265 1411 0
1146 1846 -2308 0
2410 -2440 -704 0
727 -178 1125 0
584 -1733 -838 0
515 2493 946 0
1157 1471 1753 0
-283 -1463 506 0
-1176 564 -1915 0
333 -1747 2921 0
1718 295 -783 0
2263 627 619 0
-1912 -1954 1763 0
-2563 805 908 0
2522 2943 2685 0
1486 -2588 1341 0
518 781 1920 0
-1137 -42 1679 0
-1184 1509 2276 0
1900 -1351 -87 0
-1492 2475 217 0
1237 2850 924 0
-2433 373 2110 0
2276 -274 -1540 0
2015 2617 1362 0
715 1297 -1775 0
-2728 1470 -1573 0
-1194 1318 2436 0
-2676 19 -2692 0
887 627 811 0
1356 -2010 1512 0
1484 2933 -2613 0
707 569 318 0
1090 1258 1263 0
1268 -1611 -194 0
-1701 2498 1615 0
1835 -1998 -1770 0
-2854 -322 1771 0
-1008 2766 -2164 0
-198 679 126 0
1504 -1462 2969 0
657 -2472 -2252 0
538 73 2431 0
2114 -2469 -65 0
-263 398 2083 0
2029 2513 250 0
102 220 1748 0
1707 333 1625 0
-1561 -960 1750 0
-2791 1167 -678 0
2790 999 291 0
1828 -949 1530 0
-2689 2009 1253 0
-1515 2299 -843 0
1803 -277 -1457 0
-1754 798 2310 0
1569 -2036 157 0
-1291 2351 -1902 0
1214 2601 2939 0
1055 -1210 -1864 0
-2414 -2843 1739 0
-2017 981 820 0
-115 2179 2163 0
-279 -405 1163 0
-144 -1353 744 0
140 2915 2745 0
257 -2031 -1430 0
2251 2018 1662 0
-2308 -417 443 0
379 -1523 2597 0
944 -1277 1100 0
137 2615 1310 0
257 -2019 1806 0
2774 1484 -803 0
723 1087 657 0
-629 2655 -2734 0
-1917 1987 -2408 0
-1000 260 -1035 0
1414 420 1265 0
2392 1565 2090 0
281 1323 2589 0
967 -683 2032 0
-1976 -1969 1511 0
-260 1867 -2768 0
60 210 458 0
2538 -174 -1964 0
-1176 -1412 129 0
2885 388 64 0
1886 -47 2876 0
-1525 -339 2382 0
-2792 556 -2529 0
-2405 2519 2331 0
1225 436 111 0
1191 805 2545 0
1226 -2183 -919 0
-735 -1599 2426 0
-1085 883 -1755 0
2909 1550 2417 0
-777 -782 2948 0
2701 65 1723 0
745 1736 -2721 0
-161 -113 2877 0
-1591 -1904 211 0
2862 1030 494 0
676 918 2638 0
-1642 -2573 1512 0
-990 -1887 2270 0
2032 -2947 -1898 0
-1002 -1411 346 0
-1377 -492 1467 0
2495 2646 257 0
2636 765 -2378 0
461 -2119 2930 0
145 -1499 1745 0
-992 1675 -1443 0
-2484 2622 2567 0
401 -641 132 0
-2091 -145 995 0
732 1156 -2134 0
1646 -1485 -2804 0
1458 -2317 2441 0
-1156 428 1689 0
-1963 -645 817 0
-1876 -2774 29 0
-2956 2618 -1997 0
-512 -1279 2 0
-2589 -815 430 0
1413 462 1416 0
-406 -571 2712 0
1361 -2542 -316 0
2300 -2760 -2659 0
1110 2395 1708 0
-2721 1277 526 0
1854 -299 2672 0
-1640 804 527 0
2623 -2447 -2417 0
2895 2462 -1709 0
1636 573 1994 0
373 -1073 266 0
2675 2672 1968 0
-1862 959 -1748 0
2041 -2416 -695 0
2200 2009 2635 0
1805 2961 2888 0
-1844 104 1008 0
-1252 1827 2355 0
877 -2332 -200 0
1414 1334 -2516 0
453 -1073 133 0
1563 -1854 -3 0
2291 1242 2566 0
716 -1557 -2624 0
130 -2739 -55 0
913 835 -808 0
1636 -333 1368 0
-1820 1249 2139 0
1073 2627 2024 0
-2345 917 -2199 0
-2269 604 -2804 0
141 568 460 0
-1239 868 379 0
388 -1413 1909 0
1933 2849 -363 0
1390 61 753 0
2467 94 2410 0
2485 1115 1179 0
888 -679 2694 0
-155 1053 199 0
1285 -2139 735 0
-1744 -2460 109 0
2063 -33 -678 0
2788 369 2742 0
1326 -2161 -2293 0
-1159 1442 -878 0
-862 2609 -529 0
-1693 113 1381 0
-1320 1521 -1532 0
-774 256 -2447 0
-62 -1352 2309 0
-267 315 -2907 0
2474 454 2899 0
1218 442 589 0
2525 2098 -1290 0
-1989 1376 -513 0
2789 -2378 374 0
838 -2639 -1916 0
2734 2906 1647 0
916 2599 -228 0
1701 104 1262 0
792 397 282 0
2265 -2151 835 0
-1800 1387 750 0
2661 -989 -2544 0
2418 183 384 0
235 805 22 0
-1177 -298 2481 0
2011 2033 514 0
-391 2786 -1180 0
1863 2142 -2809 0
118 -2966 1782 0
2672 1924 2587 0
2594 2117 1641 0
215 475 211 0
-144 2820 -2079 0
2719 2793 192 0
-2431 2389 455 0
-802 -2960 2619 0
990 -877 2470 0
-1629 1119 -505 0
1711 2870 1889 0
893 -85 -2628 0
-2815 1486 -2276 0
637 -2197 -700 0
-2547 2067 1630 0
-293 2500 -2378 0
2448 79 1051 0
96 2159 2501 0
-2896 2686 2575 0
155 -874 2944 0
1538 800 2098 0
-418 -1063 2183 0
-1761 2161 -2453 0
-161 2000 2456 0
1685 2585 2774 0
-355 582 480 0
-2115 2946 -1020 0
-1138 2827 -1483 0
2665 -1549 1965 0
1081 17 -1650 0
2212 -1246 1460 0
1851 1209 -2665 0
1672 412 2243 0
-298 1504 2414 0
-421 1054 2879 0
-2631 1516 -2199 0
2530 395 -1510 0
632 -2218 -5 0
2103 915 187 0
1283 2665 2239 0
2413 -1022 602 0
487 1052 325 0
2848 1373 2544 0
2280 -5 -320 0
2404 504 -2368 0
1907 2572 -2566 0
-310 -2557 2018 0
1383 406 1916 0
1621 2775 783 0
1731 1243 2667 0
1118 98 -1198 0
469 -1471 1291 0
1575 267 -1602 0
1916 2141 1051 0
2860 -2358 69 0
1184 1669 -1608 0
-1257 2856 2579 0
2448 2067 2799 0
619 934 2872 0
2779 -23 -2833 0
-2368 -1548 2758 0
11 358 -2142 0
2396 758 1819 0
331 216 -2173 0
-2281 -2091 1487 0
1203 -2435 -1123 0
-415 748 2172 0
-1328 2761 -956 0
-1228 2532 -2387 0
-997 2825 -2003 0
-1883 -705 915 0
794 1356 82 0
520 -1114 -416 0
-1611 218 1820 0
1836 -2049 2646 0
2581 1502 1878 0
2458 3000 1028 0
99 -577 2717 0
-2844 -2618 1810 0
933 -269 -87 0
960 1201 2159 0
2297 914 -2399 0
1209 -459 -1776 0
-939 1363 -496 0
-279 -1490 906 0
343 -2415 -2867 0
-2134 1442 -770 0
-2644 2347 880 0
-834 2378 1255 0
-324 992 1854 0
459 2671 -269 0
1975 568 446 0
-523 -2731 1420 0
-1572 1094 -828 0
2429 2040 1995 0
1429 223 108 0
1205 274 2986 0
-2966 1818 -1541 0
-1072 2910 -150 0
1649 644 2468 0
-1973 1300 -2510 0
1128 1329 -2840 0
2366 2230 1773 0
2983 1713 -427 0
1010 -327 2767 0
2390 -1794 -1444 0
2195 2169 103 0
-2236 2085 -1838 0
2889 2806 1862 0
-213 799 562 0
1775 1971 -412 0
2040 1354 -627 0
2871 2437 2607 0
2403 120 1731 0
-2825 453 -925 0
2938 2507 448 0
-1836 -899 2975 0
-2974 -2210 131 0
-2527 2009 -2228 0
1631 214 -2925 0
-2763 346 -1546 0
161 1506 1767 0
1824 461 137 0
2644 1776 -451 0
902 1989 2797 0
2872 1691 1383 0
1743 1855 1441 0
1267 -1098 -2983 0
1676 -934 208 0
-387 -2849 2309 0
1911 1986 -932 0
2853 -2009 -1239 0
402 -1082 1465 0
1162 265 -471 0
2298 -347 -1737 0
-706 1770 -1690 0
2257 388 1276 0
963 -437 371 0
27 1455 2426 0
2992 31 656 0
-1144 352 -2529 0
-2306 -1802 1317 0
2528 2064 455 0
-747 227 1923 0
-1886 2390 -42 0
498 2726 2661 0
-881 1307 2052 0
1547 -1145 1947 0
993 2200 1999 0
1327 1090 1581 0
117 2668 518 0
-1707 1670 2200 0
2444 -456 1236 0
-1464 1592 114 0
2135 -763 2938 0
-2340 811 453 0
717 1368 -912 0
-851 1724 872 0
471 133 2156 0
-2020 -2527 1149 0
380 2493 135 0
1231 1425 1172 0
-2870 641 1249 0
761 -378 -391 0
-1685 -2679 2957 0
293 2471 -2594 0
1293 -2822 1584 0
-224 1678 -2804 0
-2169 2082 966 0
1587 2233 -281 0
2159 1813 28 0
-1620 1762 721 0
563 2747 2944 0
-1935 -1658 1680 0
-2217 1548 -1124 0
-1817 1440 -776 0
519 556 2484 0
-1288 2391 1653 0
-1378 2051 -1854 0
1705 878 2367 0
348 -561 -2574 0
-1428 694 -2914 0
-2967 472 425 0
762 2254 2675 0
-2876 931 2150 0
-1596 347 2317 0
1456 -13 2425 0
2117 2518 2935 0
435 880 2432 0
-1705 1682 134 0
1241 1539 557 0
941 1598 2155 0
24 -1766 -1703 0
468 -2129 435 0
-2572 -980 168 0
2199 1110 1665 0
2955 -2895 -2589 0
622 2354 -2839 0
-2422 -2767 2666 0
117 624 2227 0
744 33 385 0
-2267 -1902 5 0
265 2283 -1230 0
-1729 1610 329 0
161 2170 612 0
2924 283 2700 0
676 -2155 2030 0
1582 45 -152 0
48 200 2754 0
234 -2835 182 0
1984 1801 972 0
31 2774 2618 0
1613 361 -2866 0
2386 6 995 0
2728 -1246 1004 0
-846 -335 1397 0
2779 -1214 947 0
-2413 1800 -2221 0
1201 514 -179 0
787 1407 -1715 0
1987 1674 2667 0
-2039 1833 -1755 0
2228 -2546 -877 0
-2286 -304 1385 0
2724 -1875 1260 0
1067 2466 1376 0
-1208 2653 527 0
358 -1332 -2444 0
2942 1368 2963 0
-256 -2137 1005 0
103 -1899 -1060 0
1015 -223 -228 0
1036 -2786 -1787 0
584 -1911 1523 0
-248 852 1583 0
1559 -2537 -2799 0
958 255 7 0
2417 -99 -2218 0
2734 469 2376 0
358 2995 -2678 0
415 2776 1088 0
1633 1801 -980 0
1325 -943 578 0
2243 1967 2795 0
-1057 2572 1749 0
2110 -489 829 0
-2303 2144 760 0
1161 -1877 -1874 0
2821 8 1226 0
2695 -1614 -1343 0
2706 2326 694 0
2327 -2627 1452 0
-2197 2093 2452 0
933 2865 55 0
-2155 2668 1799 0
447 1060 2088 0
-656 1001 2263 0
-1574 379 700 0
-748 262 923 0
116 1337 1486 0
2583 2493 2022 0
1473 -745 -564 0
-2042 -1391 2177 0
401 2426 1082 0
941 14 -1311 0
-43 2350 75 0
1749 2401 205 0
-1141 2749 823 0
2957 1689 1391 0
2186 2829 1227 0
2175 929 798 0
-2360 2680 992 0
333 -1082 92 0
525 81 2808 0
1133 1539 1779 0
1648 1510 -1218 0
81 -2661 2398 0
1852 1751 2846 0
1540 -2909 2003 0
326 219 866 0
-723 1260 1073 0
504 2239 -723 0
2770 2115 -23 0
1771 -954 204 0
-652 2283 -1720 0
-2368 1624 -544 0
262 -1115 -442 0
2210 92 2207 0
1227 1201 130 0
-79 2325 2463 0
1350 2936 1657 0
-1637 -520 1491 0
1204 863 2064 0
2479 280 -61 0
2535 2164 2824 0
2890 2057 518 0
2998 -795 1181 0
2077 -729 -2787 0
-1326 126 -633 0
1476 2238 2046 0
2731 1015 1546 0
-361 699 -2905 0
-370 -1588 2793 0
2120 2338 1769 0
529 1764 253 0
-649 731 -2787 0
2942 1578 -81 0
-2794 1466 -1852 0
-2367 1764 -604 0
1898 -790 1783 0
2219 304 -2820 0
-1815 1582 -463 0
-386 1637 -52 0
-2529 1530 -841 0
2881 2045 -468 0
-2729 1297 975 0
28 561 1744 0
1164 2266 1206 0
368 -2686 2672 0
1628 -2288 -1274 0
2762 -660 -288 0
1786 -2188 724 0
611 2336 2374 0
281 -1001 -703 0
1432 -135 119 0
1412 524 2029 0
-290 -2249 551 0
2226 2388 38 0
2010 462 2316 0
-1819 43 -770 0
984 -2045 -1748 0
-1739 903 658 0
1270 1474 2246 0
2548 704 -1927 0
2806 1445 202 0
2289 624 269 0
236 2161 -60 0
2210 195 -2744 0
1897 -2536 905 0
2405 1222 -918 0
-475 1645 2158 0
175 2967 803 0
763 1171 111 0
-1448 -1320 1200 0
-718 -525 1425 0
1523 1340 80 0
-1176 2988 -1982 0
541 2206 1164 0
-1416 2050 -1613 0
-169 490 -41 0
827 560 2134 0
276 -63 1921 0
1626 909 -1477 0
2793 1356 2376 0
-34 486 -999 0
-1281 1800 -2118 0
2676 -232 808 0
1296 2519 1646 0
-1026 2340 -457 0
-882 2997 2790 0
-750 740 -1501 0
253 -1164 380 0
2131 -2153 1193 0
1510 -91 -1534 0
-2526 775 -2188 0
1771 1192 1162 0
-1661 -2387 2357 0
901 -1847 -346 0
2096 1676 1970 0
-1273 550 1358 0
393 2872 1044 0
2688 -1743 568 0
1835 2760 1294 0
2615 -2548 202 0
-1480 1838 574 0
-2751 413 1052 0
1415 -2009 2208 0
-2686 -16 542 0
2310 2173 2726 0
-107 -779 2222 0
2044 -122 1363 0
2768 -279 2509 0
2781 2820 1853 0
2403 2249 952 0
1852 -965 -436 0
-661 2711 479 0
138 2990 987 0
-1246 2480 -342 0
-2947 -296 1272 0
1874 609 -1598 0
-1091 2000 -357 0
1419 74 -194 0
2864 -2382 -2191 0
2658 1429 -2184 0
-2444 -2516 1789 0
2024 -2072 1302 0
-1827 -1571 1076 0
2099 -2093 -2573 0
-1822 2960 2713 0
1484 1973 442 0
886 1369 1021 0
-10 -491 2149 0
1543 1168 643 0
1051 2103 1357 0
1836 -1572 -150 0
2641 392 -322 0
860 221 -2854 0
105 150 2489 0
-403 -1270 2735 0
-2981 -1836 2201 0
-1541 2731 2959 0
2666 -2048 102 0
-1097 -2333 1967 0
1070 -2450 254 0
-2238 -1691 2379 0
-1281 676 1628 0
-526 2863 980 0
-2785 1937 2523 0
-999 2026 2588 0
-606 1736 2591 0
432 -90 2338 0
1543 112 2706 0
-1073 -2688 801 0
1334 436 -2792 0
-1258 1509 -770 0
1764 936 -555 0
-467 -1030 1991 0
2080 630 -711 0
-1367 -763 2243 0
-1276 -2838 1515 0
-2836 985 -2630 0
2808 -218 2547 0
2869 -72 2087 0
2392 241 561 0
52 89 562 0
-30 1030 1436 0
-2231 2671 -1937 0
189 -1031 147 0
2065 662 2853 0
1348 -2834 -71 0
-901 2116 1366 0
-631 1014 -304 0
2974 2864 359 0
1605 -536 -1889 0
-2850 1196 -2694 0
-1019 2562 -2885 0
-277 -463 2201 0
2214 795 963 0
1638 -149 -1874 0
-2387 938 1532 0
-2608 1626 32 0
-2628 336 2820 0
-2733 1872 16 0
-1451 295 -1995 0
2030 -1024 -2562 0
508 2159 1138 0
-2802 -1616 804 0
2129 19 2973 0
221 1705 206 0
-1567 1150 2088 0
1600 -1488 2661 0
274 -2800 2170 0
2119 423 2238 0
2726 126 1294 0
-323 817 -148 0
391 808 1247 0
541 -2837 -371 0
1220 2783 205 0
-1512 74 862 0
2940 -1103 -639 0
-2361 -1806 2241 0
2901 -208 -2946 0
-1139 777 1644 0
645 -481 2200 0
100 -343 1939 0
-1359 2800 119 0
1174 -840 850 0
2897 381 -180 0
2923 2577 998 0
-1623 1919 1239 0
27 1596 23 0
2837 251 -2915 0
1965 -2119 35 0
75 2486 1436 0
-2421 714 -124 0
-152 748 -2077 0
450 -12 2142 0
2321 2060 4 0
918 651 -1709 0
2782 2398 2786 0
960 630 560 0
1315 -435 -2890 0
-630 -167 2729 0
1032 175 1235 0
739 132 -204 0
779 -1422 -2276 0
1720 2518 -2687 0
2050 -1178 2530 0
1970 2756 1210 0
311 -2619 -2101 0
-201 -2055 229 0
-2661 2694 915 0
-949 -1187 31 0
-2007 -2067 683 0
498 882 1208 0
1970 1083 2951 0
2102 1515 431 0
-2785 1573 1213 0
-249 1015 -1062 0
-1111 454 -2666 0
659 121 2403 0
-369 242 2443 0
2578 344 2751 0
-2170 2237 -1173 0
-729 1044 -2999 0
1675 2719 312 0
1790 -550 -2939 0
2521 -2200 -1364 0
-2113 134 948 0
-119 2927 58 0
437 -342 -1365 0
2617 -382 1763 0
1906 1079 2672 0
2314 124 2864 0
-2614 460 -999 0
-2120 2572 -453 0
-531 1996 1266 0
-1662 -2150 1066 0
189 292 2032 0
-225 2913 -595 0
-466 2597 2150 0
1806 346 661 0
-366 -218 2308 0
2567 2111 -1561 0
2615 2408 453 0
-1838 2493 -1925 0
1202 2378 1965 0
479 -178 2465 0
548 2347 1981 0
353 909 2764 0
2054 484 99 0
1220 2807 2232 0
-1162 -2500 211 0
2766 -634 -763 0
-2834 1426 598 0
-96 1484 333 0
1222 1613 1033 0
-2209 864 -1855 0
1368 -2015 -806 0
1755 -2607 333 0
551 639 1009 0
1648 -2786 -636 0
2482 2953 -2029 0
-1005 2685 -482 0
2505 1777 2464 0
2959 1551 2246 0
2402 643 -2252 0
1170 2136 2451 0
874 1709 -794 0
1218 208 -1655 0
-2735 1951 -2998 0
-2332 2390 1107 0
2114 2247 -2102 0
-505 1409 -498 0
-1139 803 1486 0
-2168 -1656 1338 0
2143 741 1708 0
2380 1364 769 0
2613 696 81 0
788 1584 2531 0
115 -1529 1497 0
-697 2753 200 0
2094 283 709 0
1778 -2054 -2435 0
1672 2883 1322 0
1454 1425 2970 0
-2634 1827 2847 0
1651 1681 651 0
1106 2852 875 0
-275 357 -2718 0
956 1524 157 0
38 2450 -2346 0
1263 -1916 1426 0
-1422 2718 1585 0
1505 -2875 962 0
-2671 -227 2769 0
448 2375 631 0
238 -2669 -2762 0
793 -260 1614 0
2157 -2525 -952 0
-1185 277 1102 0
118 2153 416 0
2221 2824 -106 0
2201 -133 -1570 0
-2326 2033 2178 0
961 -1151 -98 0
1573 -2954 1922 0
2033 -202 2364 0
-1039 -2706 2522 0
1595 -1323 294 0
-2152 823 -1771 0
93 -192 2126 0
292 2867 962 0
-1046 235 -1055 0
-1260 1536 -2381 0
-2201 1114 -476 0
732 -1436 -83 0
271 2228 430 0
-2093 110 -2678 0
-1733 610 -1190 0
195 1092 194 0
-1549 -1044 315 0
226 764 -155 0
130 1026 329 0
485 67 1915 0
-2230 -728 2789 0
1358 1126 1971 0
1523 -1138 2205 0
2651 1946 145 0
2853 -1891 645 0
1560 2310 2999 0
120 330 791 0
628 2996 2864 0
1368 2676 1434 0
-12 -2773 1551 0
368 38 -2800 0
1609 -1177 2371 0
826 218 1431 0
2734 -1800 2928 0
-1900 2314 -1124 0
-2180 409 2438 0
-1893 -2824 1363 0
1090 1317 1207 0
-2097 124 -25 0
2127 2448 -2548 0
-441 1749 1539 0
1087 2241 236 0
-1176 -1920 799 0
742 -2836 -394 0
167 2297 -1210 0
2569 -438 2762 0
-168 1283 2106 0
2968 1683 -2570 0
2670 991 -705 0
179 2497 2424 0
497 1273 101 0
-2277 646 -2803 0
1519 507 -2929 0
2640 1353 -1109 0
2526 143 938 0
1285 1508 2449 0
-1202 2231 717 0
-1967 -1118 2783 0
1783 2012 2816 0
2497 158 734 0
1551 2344 1994 0
-1776 417 -2692 0
1402 1674 -1363 0
2260 2335 2052 0
-1603 1640 584 0
47 -1797 -29 0
1661 2647 162 0
1454 2547 2298 0
-479 523 -262 0
-374 -613 2249 0
2681 -892 -81 0
-2873 858 -1752 0
195 -2538 326 0
564 -1047 2698 0
1955 1795 1150 0
1695 -2944 1574 0
-788 2438 -1464 0
-423 2304 -1916 0
1013 1529 -2763 0
-1049 412 -1710 0
1367 1174 1385 0
930 -1990 759 0
591 2787 1703 0
-2903 -197 827 0
551 -311 1448 0
-2827 -1418 1926 0
49 -877 2282 0
1516 1354 2720 0
2846 -2525 -77 0
696 -1423 -1314 0
-24 1643 1467 0
1406 46 1194 0
2631 -706 -2760 0
1659 1299 1951 0
-1655 -1739 1498 0
-2847 1400 1270 0
-2603 -2656 1130 0
1712 -370 847 0
-1533 -238 2673 0
1953 -2196 2068 0
1887 662 -2317 0
1399 -2474 1192 0
525 443 1864 0
-1770 1967 1871 0
-56 2731 1980 0
272 399 1692 0
1354 183 1967 0
1259 2196 2040 0
595 -2131 -679 0
2414 370 162 0
-591 1474 1504 0
1910 1021 216 0
-2075 342 -720 0
2735 2837 1900 0
2499 516 -1059 0
1045 984 -233 0
2205 2334 -919 0
-888 -1190 2599 0
210 2644 1475 0
-2688 1343 828 0
449 -349 1854 0
2645 1175 2508 0
-368 1008 2422 0
1328 2860 1677 0
-282 599 -658 0
146 2080 2736 0
2685 -719 -2348 0
1966 1921 1938 0
568 2996 1742 0
-1737 1806 -1462 0
639 -1027 -612 0
-970 2709 -1216 0
2735 -43 72 0
974 2459 2057 0
1049 1783 381 0
1805 -59 1659 0
984 2064 2252 0
-2075 -1464 891 0
-1684 2987 -1440 0
2467 -226 1114 0
1560 1058 2136 0
-591 -650 372 0
-1997 -479 1391 0
205 1253 1503 0
1662 -1936 -2970 0
-73 2826 1812 0
1193 2324 2741 0
-1013 602 -1179 0
2673 -970 2983 0
1965 -1151 56 0
415 1320 -888 0
-2870 -467 1685 0
1053 -2956 -1509 0
843 2928 1461 0
2542 1090 1854 0
2549 -1791 639 0
-149 1655 2780 0
656 -574 2107 0
-1245 -1322 10 0
442 -2226 -1911 0
82 2959 2076 0
2887 1374 1251 0
1167 54 1425 0
1484 2742 -1277 0
-1677 396 -2095 0
-898 -2644 420 0
1799 -2632 -2288 0
174 878 1227 0
-46 2010 -312 0
1860 1680 1159 0
-2007 -1247 1261 0
969 -558 2439 0
1225 2061 196 0
1023 -26 313 0
2612 792 746 0
573 -1225 1067 0
2994 -2090 -1977 0
2804 2703 2801 0
934 1877 -156 0
-668 1115 1982 0
115 789 1401 0
-2101 1700 -1552 0
1881 1812 2776 0
1825 2643 1627 0
2037 1530 2260 0
-302 158 -1605 0
546 1344 920 0
2894 108 1054 0
-660 535 -1749 0
883 68 -438 0
-2926 1427 -1664 0
1699 1540 1998 0
167 408 2191 0
-17 1894 1602 0
1556 -480 -1894 0
2316 -2034 2890 0
98 -2444 -2114 0
178 -2742 -1017 0
-1700 2759 -1696 0
-2993 2624 -200 0
-364 2243 1553 0
2408 674 1359 0
2060 1293 550 0
1350 1163 662 0
2816 551 -81 0
-634 2890 -999 0
1047 -1260 241 0
712 -2195 1475 0
-2578 2133 1660 0
2930 1335 -945 0
-2962 -36 706 0
524 2275 924 0
2429 -423 671 0
-2801 -243 510 0
2111 1275 1395 0
2766 1795 -139 0
468 -2842 -192 0
155 1185 1509 0
-1295 1699 2871 0
-2347 355 889 0
-13 -1385 536 0
-1007 1197 -1516 0
2637 -1760 475 0
1637 337 1663 0
2972 -2936 -1692 0
-2621 92 -97 0
993 -2383 -302 0
-352 2127 575 0
2196 299 -1390 0
631 2951 696 0
338 2874 730 0
-833 1781 2654 0
2624 233 -1628 0
2476 -1357 -1133 0
2867 1324 2285 0
-846 2514 -1253 0
-1287 -593 2968 0
2727 -1419 2922 0
1120 -1941 1323 0
-2536 -1844 2052 0
953 -1408 -222 0
1047 1076 2711 0
2470 1854 -2636 0
-2896 2590 2825 0
2252 -2506 -1392 0
2136 88 -2374 0
2896 -1130 1398 0
1204 206 -2555 0
2234 860 1336 0
2656 377 107 0
1236 2479 118 0
621 568 1920 0
1475 -1724 1179 0
361 697 171 0
913 -1854 2411 0
2946 2427 898 0
1083 474 -2782 0
-635 -935 2856 0
2491 -1135 2538 0
2893 2071 -330 0
1495 168 373 0
1357 328 939 0
2020 -555 -30 0
-547 -362 899 0
-185 393 -1406 0
-1011 238 -1472 0
-1575 -1653 983 0
1724 -151 1331 0
1674 -1798 -1525 0
2530 -2743 105 0
137 53 -1324 0
1374 2657 1580 0
2767 1328 -1269 0
475 1310 -2812 0
422 -1386 1355 0
-197 -2623 2600 0
744 914 -734 0
-1161 1319 1593 0
1730 1959 -1638 0
759 2173 2799 0
266 2409 1792 0
2512 -1773 885 0
2395 2908 1514 0
2638 -213 2599 0
1543 -2757 -2727 0
2881 412 -283 0
-1028 2148 2546 0
1073 -1562 196 0
2457 -2572 -2675 0
2997 1458 1537 0
1972 2547 2684 0
1763 2481 1744 0
664 2610 1683 0
1383 612 1705 0
-2070 2563 -968 0
-72 2677 586 0
-621 847 2028 0
1833 373 2059 0
156 -971 -111 0
1635 444 1527 0
764 -523 872 0
2752 -2585 1760 0
-2304 718 923 0
2771 2972 1139 0
713 -2941 -2861 0
2027 2547 2664 0
776 1516 328 0
162 1327 -1130 0
-1427 2159 2534 0
-2594 2764 -1679 0
528 2574 1532 0
-514 614 -256 0
-184 2228 -233 0
974 308 2902 0
1135 955 -1797 0
658 2737 1437 0
2511 458 30 0
69 946 -2904 0
-720 1088 -1922 0
48 2324 769 0
-726 1598 1281 0
-575 2144 348 0
2878 1471 -1027 0
1884 -2302 2955 0
892 249 298 0
-1729 19 -1666 0
2573 -927 -2133 0
-314 840 -181 0
1737 2514 -2146 0
1833 -2611 -568 0
-2900 -2937 2860 0
-2575 1496 -1681 0
1007 1860 -1785 0
1561 2646 427 0
-2337 357 2606 0
2769 470 200 0
-2475 -1246 1858 0
174 2286 -386 0
-1024 2730 2485 0
-513 2101 -951 0
1804 85 2490 0
-132 -377 1150 0
1809 1985 589 0
2349 1343 2047 0
67 65 2746 0
1356 477 1959 0
1155 2125 835 0
1282 722 305 0
1873 2015 1584 0
2525 740 -1720 0
2236 1436 1408 0
-587 817 -1492 0
-538 1500 -1387 0
-1557 1006 -2161 0
-1685 -2812 58 0
-923 1096 1790 0
21 1753 -2835 0
-894 -2471 2516 0
-1646 1039 -1601 0
-269 1245 -691 0
-368 1044 2043 0
-1576 -619 2241 0
2245 -2630 -649 0
1568 2828 498 0
-1152 -1285 2810 0
-2976 2244 -400 0
2244 1016 715 0
2202 56 354 0
1032 2917 -253 0
955 1710 -173 0
192 -2616 365 0
-551 1073 -54 0
2540 1388 -2939 0
1921 129 -2180 0
1873 2436 -2080 0
-2480 817 1996 0
987 2285 809 0
987 1102 -1865 0
-1983 -83 102 0
-753 170 1409 0
-1684 -2963 2814 0
835 1400 -1964 0
2010 118 605 0
-516 -371 1524 0
2173 2746 1639 0
675 552 956 0
-1476 1964 1824 0
-2203 308 2136 0
2211 2435 2693 0
-753 2432 794 0
-393 2700 -377 0
2916 127 2237 0
822 2474 -2352 0
-2726 2608 -595 0
1766 -371 697 0
1755 50 -1969 0
14 1995 1374 0
413 -2200 -2092 0
1882 1488 947 0
1029 203 2606 0
-431 709 -1278 0
-2455 2502 2725 0
532 1874 -2257 0
-344 -111 1762 0
2730 367 773 0
-2344 573 2430 0
-217 2230 2014 0
-2267 1623 -2563 0
-1392 2793 910 0
-697 1391 -2500 0
-2894 958 1074 0
-1397 -363 186 0
2301 -2793 1648 0
617 946 2525 0
2357 250 1156 0
-625 639 -2762 0
745 2960 2630 0
282 1817 1251 0
2967 1482 1367 0
-118 971 2862 0
878 856 -2192 0
1038 2414 2611 0
2326 2764 1144 0
1365 2983 1064 0
-830 2127 -1481 0
1461 -860 121 0
2587 -470 506 0
1850 307 1184 0
-236 2765 3000 0
1476 2314 922 0
2491 825 1164 0
659 -678 -130 0
2329 676 1782 0
2968 -71 917 0
1784 -2975 -1428 0
1335 546 2339 0
734 509 876 0
-106 -1461 2956 0
1041 -2518 -2025 0
1964 1616 -1398 0
913 740 2824 0
285 -1365 -2629 0
814 2303 2182 0
2586 1780 436 0
2991 197 -425 0
-2194 1363 1578 0
2148 770 -828 0
1111 -1759 2915 0
-2900 121 -1003 0
1087 2158 659 0
-2681 -2243 1450 0
1353 102 1656 0
-405 1858 -1291 0
1551 -2630 -522 0
1994 2373 -1849 0
-1135 -1577 960 0
1839 1430 -1751 0
624 1782 2334 0
2268 2309 483 0
2992 2730 1296 0
441 -2611 175 0
-2919 1493 1982 0
2833 -2108 -2289 0
-2157 2461 -1340 0
2493 -1686 1884 0
-1355 2496 -345 0
1108 1658 2013 0
-200 1588 -2844 0
2221 1387 906 0
82 2263 718 0
-1052 1483 2487 0
-1517 401 320 0
1816 -234 471 0
511 -1343 2696 0
1368 -1144 -2548 0
1563 2409 2024 0
842 2187 2658 0
792 1386 1609 0
-123 -1742 2611 0
825 1322 2526 0
-496 2008 -2944 0
2551 2352 611 0
2333 1097 159 0
372 -2727 -2394 0
-1396 39 1615 0
654 -449 -854 0
1690 1651 765 0
2536 2629 791 0
1544 991 1371 0
175 48 549 0
230 327 2302 0
2459 -814 -1999 0
-2860 347 -2446 0
1198 1219 -2338 0
493 2879 2284 0
2079 576 363 0
2237 -2928 -238 0
1845 1674 -346 0
-2426 193 -136 0
-120 155 2017 0
334 964 705 0
795 1812 -2625 0
-150 297 -418 0
-1352 -2344 703 0
-2332 2502 1309 0
-1502 1243 1386 0
1885 1737 2722 0
-328 1738 2969 0
551 -1191 -2826 0
2796 959 2490 0
2783 1539 -1364 0
-8 540 1568 0
2961 1011 2203 0
1525 -1721 269 0
-1151 2252 2046 0
1678 512 -53 0
-1840 2393 -228 0
1988 2147 1773 0
2271 1730 -2930 0
-2406 584 1567 0
604 -1114 2725 0
1244 -2475 2546 0
1439 -1044 2885 0
353 2829 678 0
1813 -842 -1208 0
-374 2470 2823 0
2704 -334 -710 0
2259 2165 2415 0
65 33 -1765 0
1744 -1565 -1911 0
2395 2213 -2240 0
-2115 952 -200 0
-299 2165 2955 0
1743 423 744 0
1677 -144 417 0
2854 2280 1413 0
1699 2115 491 0
-828 -2881 2061 0
88 1309 1596 0
-1601 -1220 777 0
2979 1466 2042 0
855 -1723 -197 0
-2540 -1638 218 0
260 15 -2144 0
2488 2065 2299 0
-1648 100 1680 0
2714 2254 938 0
-1176 2355 -1969 0
982 1760 717 0
910 745 -1983 0
-1386 1428 -18 0
-2353 977 -2810 0
2423 1724 -1400 0
-359 -991 460 0
184 2065 -66 0
2248 -2715 -2613 0
-2667 -1205 164 0
2994 838 -669 0
-242 583 2382 0
2493 401 -738 0
1990 604 -99 0
1923 1478 450 0
1661 2023 1473 0
604 1537 2652 0
-1129 9 1557 0
-2742 1355 2789 0
1833 2352 321 0
-1880 -39 1476 0
411 2267 2744 0
-584 2092 1532 0
-1129 120 2578 0
-1875 2715 516 0
2362 -86 -602 0
93 2921 -1020 0
2435 1004 -997 0
1676 1657 334 0
135 536 2838 0
2887 -323 1066 0
-2027 2693 -1784 0
319 2585 552 0
1347 456 -474 0
-2504 2410 -1654 0
1229 1190 -1100 0
679 946 1856 0
1109 854 2308 0
1087 781 1523 0
-2205 -1468 2625 0
2387 1669 -22 0
-1094 1875 2156 0
759 307 804 0
672 2114 1252 0
1919 1567 2864 0
2115 -149 1325 0
-1116 -2648 120 0
199 -2312 2294 0
2615 2000 -726 0
1902 -590 1615 0
850 562 1114 0
2965 -1133 -185 0
1116 464 2621 0
2433 2692 -1288 0
1858 707 226 0
1538 -947 764 0
2791 1047 1541 0
228 1782 -980 0
624 606 -245 0
2233 1402 2871 0
-1953 2265 -613 0
1518 1505 -2830 0
-395 1395 -1940 0
-1469 624 2316 0
2971 1529 610 0
579 1783 672 0
2634 1511 145 0
-437 1366 2925 0
257 -2508 1128 0
994 2237 1071 0
500 1858 2851 0
-514 -1760 1299 0
1077 -2350 1357 0
40 2599 526 0
1222 -151 1523 0
2044 -625 283 0
2066 10 179 0
1858 1835 2397 0
1552 231 795 0
1408 2246 2079 0
273 -589 -802 0
1853 191 1424 0
2914 2359 -2129 0
2237 -2441 1591 0
2994 1470 471 0
2572 -2389 -2666 0
2102 2362 1573 0
249 -2465 2385 0
-2745 -500 2404 0
2730 1100 362 0
1329 449 1262 0
323 2479 2234 0
1886 2441 1491 0
834 2858 1056 0
-608 2563 -47 0
2532 -1010 932 0
848 2179 2054 0
254 -1203 -2266 0
2456 415 -175 0
560 2208 2406 0
2985 2202 -114 0
1029 -1900 -721 0
2574 -1974 1338 0
921 -1866 2297 0
853 205 -134 0
1484 763 1141 0
1049 604 1563 0
-2730 586 2698 0
2342 -1122 1124 0
2064 -2735 1577 0
1066 -1506 -2576 0
-2002 2061 -9 0
-770 1640 -1457 0
-289 13 1621 0
2787 279 1755 0
-2751 2281 1485 0
1948 1015 -1265 0
-52 2365 1250 0
-370 576 -287 0
-571 -2653 1720 0
-2028 288 670 0
-568 2606 -1262 0
1984 1918 1183 0
-1861 130 -242 0
166 1887 521 0
-2932 242 -2309 0
1460 -794 2786 0
-2108 530 770 0
-886 1087 1635 0
1506 -2442 2490 0
426 2725 -2366 0
-2374 -152 1944 0
-1794 2647 2521 0
786 -1606 461 0
-177 2625 94 0
-1116 1208 2593 0
-1495 460 1428 0
2275 2839 950 0
2451 -2493 -2948 0
-2403 -772 1218 0
689 250 -2205 0
-1267 183 581 0
-1506 -831 392 0
1160 -1965 -2914 0
491 -2882 1665 0
439 2421 -825 0
1068 2432 2628 0
1380 -805 1225 0
2680 2689 2270 0
-2776 -2644 2509 0
-981 -1721 1316 0
2104 2492 2257 0
1365 330 8 0
632 -2349 350 0
2377 287 2132 0
2338 2682 2354 0
-700 1044 2290 0
1608 222 1853 0
-2132 200 1011 0
-2667 -2143 93 0
2758 2788 2166 0
685 684 444 0
2898 478 1101 0
-1013 202 -713 0
-2818 -2233 272 0
-1281 1814 -352 0
1556 -1826 -2466 0
504 2150 2405 0
1017 1755 2786 0
-788 -1472 2628 0
2799 -846 1564 0
2594 -444 2117 0
-1901 2958 973 0
-529 -1036 1281 0
-923 -2426 1341 0
1485 1212 903 0
2628 -1468 -2773 0
2029 1122 950 0
2244 838 661 0
1330 -764 2001 0
2543 548 -1734 0
1096 1195 2107 0
424 -803 -1377 0
-1861 429 725 0
-2578 -216 29 0
1861 2984 150 0
614 -733 -675 0
176 -2864 357 0
-2653 -1840 2567 0
2877 125 -1204 0
-1326 -1362 1135 0
967 -2861 1774 0
671 -1842 706 0
-1058 -1444 586 0
1101 2612 1552 0
500 -582 -1771 0
2461 2081 1921 0
657 -628 2040 0
516 -1332 1128 0
-535 1826 -1954 0
-1094 2145 1418 0
2817 -91 -635 0
-2975 1773 -1347 0
1355 -2327 1231 0
-270 -2470 1130 0
2373 249 -130 0
735 -1596 -2637 0
2698 -464 1087 0
418 2588 -55 0
2162 1344 231 0
727 1646 1937 0
29 2542 1178 0
706 2255 -694 0
731 242 -2120 0
603 -1556 -2012 0
668 -2853 1967 0
2134 1271 1456 0
116 800 455 0
957 -122 -2002 0
-2364 -2027 2171 0
2205 428 -2307 0
2030 2551 1205 0
2008 1437 2057 0
1934 -1828 1334 0
1942 1890 -2628 0
127 846 -2562 0
973 -1793 -2165 0
815 -1153 1228 0
388 452 2721 0
891 1745 753 0
1401 2963 1213 0
-2705 -940 1151 0
2071 538 1173 0
1989 1224 1436 0
2123 2346 2405 0
853 -2490 -1644 0
2147 -1421 301 0
1883 -532 -2665 0
-121 -292 562 0
543 2111 982 0
2124 -2900 1301 0
1461 1238 2543 0
1613 -1699 -476 0
2729 566 1895 0
-258 -2750 427 0
1496 -1434 555 0
-2881 2485 -2925 0
-2025 -2602 1400 0
527 1704 2922 0
-2483 -1207 1368 0
2472 548 814 0
1679 -302 2206 0
2812 2333 129 0
2090 1282 1205 0
1233 1297 -817 0
-1045 2547 -1683 0
2266 -659 1199 0
-106 745 205 0
-2354 2336 -758 0
-977 -1864 1961 0
-461 -1387 2040 0
2959 2217 179 0
362 2919 1856 0
2196 -2912 -2277 0
-1556 847 1294 0
520 659 2539 0
1081 1483 -149 0
960 296 5 0
-964 1849 -2550 0
-1530 -1842 1285 0
917 499 -92 0
2946 -2209 2742 0
-125 558 -2544 0
2059 1740 494 0
1369 886 2222 0
-1957 2449 -2218 0
-1138 2784 2223 0
1617 -1347 2345 0
-1026 2699 2395 0
-842 2183 -2633 0
2440 2320 869 0
1995 -1385 2012 0
1473 2638 667 0
848 2216 -2934 0
1546 2243 -2203 0
2760 -799 -1701 0
-1571 1515 -2406 0
1730 2636 70 0
1590 787 871 0
-2409 -320 1107 0
259 -2508 577 0
686 2281 -2013 0
-843 2531 2573 0
2415 679 2140 0
2216 1940 2998 0
-1021 1472 -2952 0
1361 139 -639 0
2682 318 298 0
1733 -959 -1395 0
-1909 1552 1724 0
-294 1420 2977 0
2507 -2360 -1953 0
2537 1051 -2649 0
-2257 -2545 2464 0
2184 2935 402 0
1275 2159 2856 0
645 155 925 0
-591 387 2329 0
-35 2015 1610 0
2846 1241 2867 0
-2617 598 -2783 0
2588 3 1813 0
-1265 624 -1864 0
-2083 -1342 382 0
1952 1667 594 0
-2554 2714 2421 0
382 2375 -1162 0
297 76 202 0
-2499 92 -2713 0
-382 -24 717 0
2468 -2621 -747 0
-1300 -1099 1844 0
2174 -1231 -2570 0
-135 2443 -807 0
-999 1076 2839 0
-2602 1684 33 0
1854 147 -2107 0
-2984 -364 2367 0
808 -2161 786 0
1114 670 1188 0
1105 1400 2503 0
1713 2518 2525 0
-1573 2890 -1735 0
1815 479 535 0
527 60 1275 0
1120 2428 326 0
513 2275 2936 0
2966 -598 -2095 0
2299 170 1129 0
-679 744 -1262 0
2113 182 -393 0
-1261 659 2883 0
-884 -1051 779 0
1134 919 304 0
637 -677 123 0
2090 836 2068 0
2039 659 2322 0
72 163 1012 0
-2863 79 2170 0
1776 1610 764 0
753 1143 1365 0
2934 1982 309 0
2871 990 2075 0
883 2207 2402 0
2508 1126 2064 0
2316 1084 590 0
2248 1545 1942 0
2374 -1544 -1003 0
-1709 2005 780 0
2508 808 -183 0
-440 -2791 2378 0
-1066 -530 2619 0
2623 -707 33 0
-2867 2748 -2318 0
1410 1621 976 0
1798 -605 1222 0
-2153 12 -2029 0
-2405 350 -911 0
569 -471 -2433 0
241 -1459 1146 0
1321 1959 2325 0
2718 -2204 2698 0
420 1474 1112 0
-535 2861 -2760 0
553 2179 -2301 0
-1039 2807 -2019 0
1279 -2769 493 0
721 320 2683 0
2671 2135 1104 0
2184 484 -2192 0
-1105 2466 1241 0
363 888 1963 0
1628 156 1516 0
-539 110 107 0
-2504 -2879 832 0
-2057 -1860 1373 0
424 286 762 0
14 -2909 2928 0
2741 1069 1130 0
254 -726 2602 0
1958 1042 2068 0
-2313 -394 593 0
366 1201 2694 0
103 -2016 642 0
1846 144 -2835 0
458 1204 1214 0
146 2247 544 0
-912 2685 1090 0
-1955 2628 1647 0
-2441 868 -703 0
-1014 -518 897 0
-2783 -2293 2143 0
169 -2568 1224 0
2059 1244 638 0
403 -2174 -2275 0
1147 2132 1586 0
-7 2857 -2499 0
423 767 2703 0
2769 -728 -2384 0
-1329 2072 -926 0
1848 963 2214 0
-991 2861 2881 0
-2164 -2745 1937 0
849 2162 2609 0
-633 2399 1926 0
-1557 112 -730 0
1690 1857 -106 0
-2756 -2624 767 0
884 2536 376 0
2692 537 2474 0
-2367 1592 2616 0
-2240 -513 124 0
-1424 692 -1790 0
563 1381 2198 0
1167 -2661 2752 0
-2542 302 2604 0
-1466 -1117 1521 0
-2909 2139 2529 0
1115 1353 -1633 0
-2209 1934 1955 0
1410 1094 131 0
-1347 1812 -2960 0
455 2160 2772 0
-2677 1042 -1783 0
-2475 2634 1341 0
2700 1229 1584 0
2567 761 -1788 0
1270 -2110 28 0
1698 2083 2276 0
1293 2849 2215 0
2117 -2609 -1492 0
-1551 980 1991 0
-2554 1922 -525 0
2323 1479 -668 0
1479 333 -1048 0
2489 2644 2139 0
2332 638 1345 0
2057 1023 2475 0
-80 -1187 477 0
364 -782 -2636 0
-1640 2221 -1542 0
2611 580 2486 0
738 2597 2072 0
2428 176 862 0
-1312 1851 -2627 0
271 1392 653 0
512 -2525 1691 0
1850 -1203 -2537 0
2727 2326 1773 0
1080 1480 -721 0
-825 2629 -461 0
-473 2550 -1721 0
246 2076 -959 0
489 2051 98 0
-2278 -1024 1069 0
-652 717 2500 0
2495 265 2980 0
-900 2263 -2409 0
1248 2799 2692 0
89 1080 2324 0
-410 1038 -1509 0
-2107 -2809 886 0
-1525 -48 1420 0
-1211 1194 -1871 0
470 -2317 -1964 0
2848 -2646 238 0
896 115 -2623 0
1871 2242 -1356 0
-1256 314 1307 0
737 1130 900 0
2378 417 1706 0
1255 1821 -2159 0
350 -1418 2978 0
979 -1781 860 0
2086 -60 -2294 0
2998 2168 2677 0
-834 2204 -404 0
1729 -1580 450 0
380 1812 743 0
-1934 1506 -1438 0
-16 1820 -1508 0
-1410 1267 -2985 0
2189 1517 855 0
8 1533 461 0
1397 2336 1926 0
-2130 2842 1949 0
1013 -1594 142 0
718 2314 128 0
-1852 -2977 1389 0
2825 2101 2819 0
-2911 2866 -2150 0
79 2392 -1456 0
783 449 1691 0
-234 -1966 1525 0
1373 1112 481 0
-197 650 1766 0
831 597 -686 0
1707 -592 1549 0
185 1717 689 0
2426 -849 -1943 0
2335 -1439 -2630 0
2651 2703 1765 0
2922 -5 -2835 0
2789 -2673 1224 0
1930 -2855 2263 0
-2222 -1316 1203 0
54 2253 2241 0
-2202 2259 -1671 0
766 -1949 -1588 0
-318 -2452 715 0
264 2776 -68 0
-762 -2171 1227 0
87 -1815 -1073 0
135 722 639 0
2836 -583 -1131 0
1959 244 799 0
-2731 764 1984 0
-1274 2821 1621 0
-2609 511 2370 0
2201 1348 -1388 0
2596 1151 1196 0
2480 41 1503 0
1619 2804 520 0
-1211 2240 -2972 0
2917 1679 1445 0
-1674 376 2838 0
2751 957 1227 0
2557 -2334 -875 0
868 2480 1138 0
1077 2663 2794 0
1700 2563 2029 0
-385 -46 1950 0
507 1683 -951 0
663 1616 1561 0
2602 2134 2364 0
-910 677 153 0
-1039 -2915 2493 0
-2607 -389 933 0
630 1213 904 0
2724 1938 106 0
1770 -837 2751 0
831 1877 2992 0
532 -2095 2121 0
628 1114 618 0
1688 1067 103 0
1633 -5 2704 0
1991 197 2529 0
-1060 2533 -2455 0
489 853 -2843 0
1298 -2827 -2010 0
498 -2793 2558 0
915 1369 -1363 0
229 -2309 614 0
-648 1870 1188 0
2231 214 2136 0
-2754 767 1275 0
-1998 2620 -2933 0
206 2059 791 0
16 460 1674 0
2409 2701 -1119 0
1 -918 -959 0
-2272 -358 2959 0
1217 2744 2320 0
391 2626 2720 0
2174 1859 -605 0
-1710 -1395 2797 0
1563 2536 -11 0
-335 1098 -2875 0
2737 46 1319 0
-1970 128 -1737 0
1327 1363 2850 0
-1764 -1080 758 0
2817 -922 1824 0
2413 2286 305 0
-109 699 1308 0
-2881 2114 871 0
-1118 -1055 350 0
2322 2586 456 0
514 1795 1 0
-226 1702 296 0
-2804 226 158 0
877 1183 1437 0
932 -2300 -622 0
596 -1901 -1514 0
284 671 -2606 0
555 572 -1205 0
-1786 912 101 0
-1268 -2094 133 0
1653 -1466 -1611 0
95 2417 236 0
-1198 2952 -2880 0
2444 -2097 1099 0
-1829 2532 -1286 0
274 -542 -1693 0
-664 -1041 429 0
-2072 2572 1543 0
-619 2893 -1086 0
1298 980 2921 0
1475 -2907 -1575 0
-2136 2820 -969 0
2542 1520 754 0
680 2858 1821 0
-2449 -876 952 0
2214 -1831 1020 0
-1700 -1930 1119 0
101 1270 -468 0
1886 2311 -2189 0
1077 -1757 102 0
-2786 2314 1001 0
1572 2728 2688 0
611 -2993 -217 0
-2518 1715 -2504 0
1825 876 -749 0
-2518 -2438 2693 0
2080 1444 447 0
-2054 -1100 1445 0
2644 2495 598 0
888 398 694 0
-294 -233 300 0
1680 2278 1930 0
2545 2717 1606 0
-1732 -768 1437 0
2737 1271 -2417 0
-416 -168 2643 0
-2838 1120 -2481 0
-1637 593 643 0
957 2908 2863 0
2334 -518 965 0
407 -29 1315 0
1620 2695 1636 0
-2304 897 -2177 0
188 2371 -1545 0
-2139 -2074 452 0
-1589 91 -1930 0
-978 2531 -859 0
1396 1649 191 0
1202 2586 417 0
1189 303 2289 0
2781 -2356 -29 0
721 320 687 0
2597 649 1015 0
-2369 2182 -2210 0
1521 -1688 1076 0
1599 -139 -2849 0
-997 -422 1673 0
789 941 2297 0
821 1624 -1861 0
2413 -368 -1431 0
-490 1060 2146 0
2705 637 2965 0
1295 1578 1876 0
-638 1590 395 0
2197 2566 1672 0
-1402 773 -1383 0
-2880 -366 1601 0
50 2121 -2050 0
-727 2530 628 0
1331 -2391 -2941 0
-2220 1716 799 0
2470 -2188 -705 0
-2590 -1462 2476 0
1957 785 2647 0
1716 -3000 -1223 0
841 -2405 294 0
-1733 -334 2570 0
2805 -590 -193 0
2496 1159 1021 0
2370 659 -2906 0
2433 -2379 1584 0
1715 1348 735 0
-2449 -1847 2048 0
427 1772 1752 0
1735 627 -1999 0
-2825 1796 -278 0
939 -278 -562 0
-290 2754 1726 0
-2778 2664 -2140 0
-1165 2286 2223 0
2738 2535 1397 0
2357 730 426 0
1940 -60 462 0
1996 882 -2817 0
-2918 -1670 2025 0
677 -1906 1093 0
1795 1009 835 0
-1905 1317 436 0
-2049 -1544 1595 0
-1614 1050 -2548 0
-592 2684 353 0
-767 2767 2828 0
-1679 728 -1241 0
2046 -1332 -37 0
1616 -2273 -2262 0
-2052 1603 -876 0
-1691 -130 1932 0
-635 967 -1099 0
2629 -488 1172 0
2456 1990 -370 0
2913 -963 639 0
-1347 -2365 2149 0
1448 -1433 -829 0
2027 1164 1837 0
638 -2002 -2634 0
1326 -251 -2411 0
2228 -1096 -1512 0
-1367 2957 1898 0
-881 1041 1945 0
2247 2607 -1023 0
1599 1416 -2275 0
-2020 2441 -1968 0
2035 2507 800 0
43 1032 -2301 0
-2436 -2917 934 0
1458 2072 1286 0
146 1146 2039 0
343 -702 894 0
1260 -1064 -1438 0
884 1057 1243 0
-1285 -2890 2857 0
2074 2582 2934 0
365 638 1916 0
798 -225 1781 0
-138 800 1685 0
1635 -2587 1753 0
2145 -1010 362 0
665 332 447 0
2014 2964 17 0
-1966 2076 989 0
-2255 1988 1028 0
356 2313 928 0
935 2879 938 0
128 -1175 2471 0
344 1838 1331 0
2633 -119 1366 0
2434 2782 2090 0
1294 -900 -323 0
-2598 1838 659 0
-273 1199 787 0
2181 -333 112 0
137 167 -638 0
2830 -37 -2637 0
2134 -1391 2467 0
-2502 2921 1367 0
-2137 165 1170 0
1809 1522 2754 0
789 812 -2013 0
367 878 1894 0
519 970 -2266 0
2900 1251 149 0
-2382 602 1344 0
-445 1991 2594 0
597 2012 -327 0
-1307 -938 2395 0
1076 2035 -2195 0
1453 -1926 -777 0
-2951 2636 -2392 0
2467 -1939 -841 0
-809 48 -909 0
-928 1927 -2199 0
-1308 2281 -1635 0
2780 -1931 1409 0
2688 -430 -143 0
-2732 -1332 334 0
2599 521 -2122 0
1647 2411 -2865 0
-1977 -1126 1129 0
920 1165 -2937 0
2075 1887 2494 0
2521 1582 902 0
-1552 112 1194 0
731 2473 -390 0
267 2336 2751 0
1049 -287 2296 0
2025 646 2621 0
2661 -337 -908 0
-2786 -2252 1147 0
-2976 -2652 2140 0
1387 1485 843 0
1745 2194 2667 0
-373 883 -183 0
434 1521 2686 0
967 1536 169 0
-1240 1507 2414 0
868 -447 208 0
1762 2444 478 0
1459 2416 -667 0
1530 1628 1789 0
2762 -526 150 0
-614 -43 1825 0
1127 2657 -2678 0
2093 1518 -422 0
-2754 2563 -1662 0
1534 2070 1402 0
-2724 1897 -2523 0
-1050 1016 1320 0
-2335 778 1402 0
1931 2375 643 0
-266 1758 1964 0
934 -2002 -1860 0
2336 -305 -250 0
1904 240 503 0
2865 -894 2949 0
-2311 2113 -1916 0
87 1787 1225 0
897 2613 902 0
-1232 2171 -491 0
1409 109 2988 0
-1661 2618 435 0
623 2995 1273 0
612 -945 2117 0
1013 797 517 0
-114 -2813 187 0
-2591 398 465 0
989 -2268 1202 0
276 -2698 -732 0
1558 -727 56 0
-740 458 1908 0
-561 923 -571 0
-2614 1376 -2819 0
1024 1485 801 0
56 1501 2811 0
-557 -650 799 0
2270 1470 1067 0
2605 987 414 0
-2190 371 -66 0
2930 -1813 122 0
1404 2615 -2002 0
2488 2494 579 0
1603 -2448 -2530 0
394 1535 600 0
2587 2772 -428 0
1805 -2957 -1054 0
-205 -589 218 0
-922 2545 -1409 0
-1899 -2041 2347 0
491 -959 -2313 0
-1593 2015 720 0
2271 -1020 1472 0
2581 -18 2129 0
821 614 6 0
2395 752 1784 0
2462 -626 361 0
-2057 1837 -1710 0
2253 1710 1871 0
1298 -2859 1525 0
2087 1353 -2036 0
891 -914 2410 0
1438 2342 2093 0
-1735 -205 2607 0
-271 320 -199 0
-1193 -786 1697 0
-681 661 991 0
-1799 1346 2964 0
1124 -2830 1296 0
2158 -1369 -1319 0
266 1118 140 0
-1578 1249 2290 0
2550 -2871 1765 0
2118 1355 1784 0
911 115 2524 0
2893 -636 -450 0
869 1145 339 0
-1423 -2583 2033 0
2696 1607 611 0
-636 1057 975 0
-2909 54 891 0
1934 334 -274 0
1140 2235 913 0
-1015 2988 -570 0
-330 1505 2857 0
2288 -695 -113 0
-1540 392 -1279 0
559 269 1762 0
886 -2572 2607 0
443 -2809 -492 0
1966 -166 -55 0
2986 1846 2142 0
-397 1847 1405 0
-1986 1914 1721 0
2261 -2189 1419 0
1126 2620 1928 0
-1905 2134 -1562 0
2909 637 798 0
-2478 -2318 1362 0
226 -1928 -544 0
1132 1802 -2671 0
284 2239 -2231 0
718 -11 -337 0
1312 -314 -566 0
-1684 515 -1257 0
472 -1047 -1522 0
-1726 2120 956 0
2301 1510 961 0
1718 -2777 1879 0
-1686 1855 1181 0
-2445 2523 -1183 0
-83 1396 -1287 0
573 360 -425 0
1138 251 848 0
-1993 2319 2417 0
2766 -2558 -1806 0
-640 1418 637 0
-1097 -874 616 0
212 1765 904 0
2279 46 -2067 0
1644 -1857 -1515 0
280 1151 -2940 0
2110 -2122 -2754 0
2310 811 2366 0
2531 1771 1552 0
2171 201 1694 0
2437 2385 158 0
809 -2174 -1060 0
1153 2872 -1458 0
-207 822 -944 0
-1305 2148 2243 0
283 106 2704 0
1355 -80 -582 0
757 2101 2746 0
-1589 2740 1954 0
327 2321 965 0
1029 1244 1173 0
-504 2131 -521 0
1577 2883 1747 0
16 -41 589 0
-773 -1256 2575 0
-2819 1555 -1260 0
2369 -2556 2074 0
-833 -1057 492 0
593 1894 1400 0
-500 966 -510 0
-1292 1623 839 0
536 -1497 894 0
594 -1453 728 0
1286 2996 -1804 0
-2009 -1031 768 0
2200 1196 1881 0
1608 -2553 -1335 0
2951 -852 -2767 0
2496 2415 -2827 0
851 -601 2721 0
1281 729 -2880 0
1825 -1631 2332 0
376 -2860 -1867 0
-2171 -753 1670 0
1155 2239 -2774 0
2179 2307 2873 0
-40 1554 -923 0
-1965 1423 -773 0
-56 260 2773 0
-2317 2634 2770 0
2030 1386 942 0
-984 1131 -1982 0
-2489 2043 -1611 0
1253 -2546 -713 0
2416 -1210 2173 0
-1535 1444 -1847 0
-28 871 -1412 0
-2831 -251 2499 0
2361 633 1738 0
-2193 772 148 0
2681 2792 1882 0
-746 2626 -1142 0
-2313 -2963 1209 0
868 119 42 0
2533 -1591 1134 0
-2568 1973 -1583 0
2857 1167 -1033 0
2504 -1422 1387 0
1887 2211 865 0
-2476 2364 -2845 0
-2916 2724 105 0
2589 1220 2217 0
2643 -2156 1170 0
726 755 265 0
165 1883 2534 0
2959 662 1619 0
154 1651 -2911 0
1574 -2144 2851 0
2119 1699 2085 0
282 -1745 -1029 0
2278 895 -972 0
2371 674 1853 0
2568 2036 1542 0
914 1027 133 0
803 843 -1373 0
282 -1628 1683 0
1480 2583 1521 0
2808 -1455 -2076 0
2941 -1143 1960 0
478 -935 2697 0
449 1886 -626 0
2987 1433 -1435 0
1443 2003 1657 0
-856 1672 -2404 0
1404 -128 -2592 0
484 1618 1939 0
-2385 1181 224 0
-1548 2045 849 0
301 1767 -1615 0
2952 1893 1615 0
1196 2486 2464 0
-914 2569 -303 0
237 2625 2080 0
-2653 1655 594 0
1896 -645 1294 0
624 -1709 1660 0
495 2349 2873 0
1839 1043 2020 0
-814 490 889 0
344 2998 2515 0
1905 104 2454 0
-2334 -2274 238 0
2736 352 -927 0
219 1137 2065 0
2790 -2103 -2948 0
1796 -2958 -2578 0
809 1966 2838 0
-2089 -1258 526 0
175 1488 -1215 0
1170 1027 -67 0
-2418 -2765 2499 0
497 -1166 2846 0
1264 -1998 205 0
105 -2499 -2497 0
-1414 1922 149 0
-1376 1809 2971 0
-934 -1920 1274 0
682 848 1101 0
511 873 1873 0
378 1273 128 0
1448 -2481 1863 0
2957 -375 -2416 0
1499 -1781 -722 0
-1745 -2796 1668 0
2265 -1730 1218 0
160 -1050 2677 0
-1626 1361 -2647 0
510 1006 -990 0
267 2061 1611 0
934 1527 1369 0
1644 -2435 -1475 0
1410 633 2149 0
-585 -1039 273 0
-1626 1578 2212 0
-2815 1713 767 0
748 1237 1068 0
2949 744 -1013 0
1691 2598 418 0
303 969 2661 0
2740 1896 -2933 0
1499 942 1330 0
-2060 -61 711 0
2012 1186 -749 0
706 580 2102 0
2897 569 1736 0
-2079 642 -2603 0
52 1681 2073 0
2109 2129 2383 0
160 609 1118 0
1805 2643 1964 0
-2744 -1197 2275 0
2023 -2255 -1530 0
-6 2045 -1546 0
1059 -489 420 0
-2343 -931 2662 0
2956 2937 -1408 0
15 1987 1771 0
2757 1772 -873 0
1760 853 2812 0
569 -378 82 0
1562 -1768 -1824 0
1582 1209 -513 0
-1409 145 -1864 0
-1733 -2695 1104 0
1642 -1723 -1359 0
2455 125 -952 0
1694 788 2308 0
2479 56 1749 0
-246 1977 -297 0
2719 -336 -609 0
197 1257 -2972 0
2109 -1785 2654 0
427 2990 1194 0
-2793 -1522 1878 0
1528 -2846 2564 0
1760 -2071 1712 0
-148 1646 1383 0
-2789 870 -2179 0
-2844 756 2639 0
1458 1528 -477 0
-1429 -125 1263 0
-1643 1039 -718 0
2322 1567 172 0
-300 624 -2913 0
2646 2168 525 0
-1102 722 -2297 0
-1982 898 -1371 0
-855 -96 504 0
-434 1812 1528 0
2110 -2997 -1694 0
1257 1877 2240 0
1692 2082 2513 0
715 91 -569 0
469 1116 -821 0
-1549 2820 312 0
-2073 -1410 1745 0
2305 -218 -2965 0
2537 -171 512 0
1251 -769 -76 0
863 768 2284 0
-2665 848 -2531 0
501 -2251 -1456 0
1616 1119 347 0
456 253 -1311 0
2513 -1499 1637 0
1164 -2866 828 0
1679 -36 1708 0
2657 -106 -2699 0
2685 2235 57 0
-101 661 -1328 0
370 2288 881 0
2153 -1129 1700 0
62 333 -680 0
-1145 -64 1960 0
-1670 -1379 90 0
-37 2643 -860 0
1575 1808 2176 0
-2594 -1790 2934 0
1231 1264 -2504 0
-2720 945 -766 0
-1163 2777 2228 0
454 1426 1535 0
-505 517 890 0
666 -1207 2473 0
1911 729 2291 0
1415 2556 437 0
1305 205 -142 0
648 468 -923 0
-1128 -1088 2228 0
-2954 2177 319 0
2151 508 410 0
1044 2315 -1202 0
-1944 -2729 1935 0
2466 -1678 -2416 0
2011 895 -689 0
652 1400 2297 0
2650 1591 2202 0
-2761 2178 -233 0
1108 -1721 260 0
-2511 2641 2602 0
-2160 872 -2404 0
1032 2520 259 0
735 -1586 2149 0
-1142 1394 -958 0
2810 2757 1012 0
1296 747 1575 0
-1182 -568 2506 0
2626 1426 1850 0
-441 -876 2163 0
2170 1161 1789 0
-1250 -2387 2992 0
2169 2517 1541 0
2231 2 771 0
2947 2189 1256 0
-2658 2368 -1239 0
-1052 -875 1645 0
1678 -1643 2777 0
2770 -127 -2167 0
2843 -311 1538 0
-2862 -1273 820 0
-2352 1911 -2117 0
1794 1555 411 0
-1316 190 2354 0
-400 2576 -508 0
2313 1215 990 0
1861 2148 -2136 0
2720 933 306 0
972 2554 2676 0
-1362 -1648 2357 0
-1140 -36 732 0
-1893 -433 2848 0
1917 -739 -1197 0
558 2682 1738 0
-1347 1084 1756 0
2469 -1003 1428 0
-658 2988 2046 0
2790 -790 -2248 0
-1868 2842 -1116 0
-46 2972 1834 0
2385 1784 1967 0
1419 2899 -261 0
-2388 -442 2186 0
2349 465 583 0
2093 -2890 -1181 0
-1344 -1331 477 0
-1181 1344 -1207 0
-1498 1020 2801 0
-616 1407 509 0
624 2592 528 0
2279 1239 2757 0
781 371 542 0
2695 2611 -660 0
2774 1 100 0
2888 206 1337 0
2337 1336 -607 0
-1240 -1678 1647 0
2911 1632 -2416 0
2078 -1360 -2406 0
-1160 563 -2044 0
2300 1484 2501 0
-2125 -1455 176 0
1906 173 938 0
-450 2331 -924 0
1557 -2385 1445 0
-2730 1854 1379 0
-1515 -1882 2175 0
2734 439 -969 0
-786 -2907 2311 0
794 944 158 0
-2227 -922 831 0
-2068 2104 -2664 0
1317 855 2905 0
1540 410 -2345 0
2898 1062 2375 0
-40 2027 2777 0
-2242 1301 720 0
-693 -225 1264 0
-2775 7 1773 0
-882 199 2621 0
-1471 2227 -850 0
-921 2614 -850 0
-2327 1990 -1995 0
1365 751 -1882 0
2717 313 179 0
-1731 -2356 387 0
-1335 -207 1679 0
1172 681 150 0
937 2787 -771 0
2503 2988 942 0
2616 -569 -439 0
2816 -1354 1881 0
1100 314 -171 0
-2636 -196 1146 0
1757 -2736 2417 0
1371 926 -2222 0
1809 2997 -500 0
2063 -549 -1746 0
-501 -595 2221 0
669 2481 1073 0
154 -1467 344 0
1920 196 1708 0
-925 -1558 2766 0
-442 1775 236 0
1053 1840 1503 0
2818 -2339 -856 0
1590 -2751 -296 0
-2208 1238 1431 0
2223 1036 2455 0
542 -1578 2405 0
-2200 2946 2847 0
1455 2321 99 0
-910 602 -1552 0
1711 -53 1214 0
2927 -2731 1292 0
1469 -1299 951 0
2757 90 1277 0
2042 1690 2153 0
1991 -2447 -301 0
-1052 925 -102 0
1308 2496 704 0
2972 -1293 -2371 0
2753 -70 -2752 0
1822 2519 179 0
2039 12 2334 0
212 2447 1879 0
1381 -2570 2989 0
1636 -2521 -655 0
2236 -1890 -2572 0
1789 16 851 0
2256 -2497 1868 0
67 1281 1866 0
687 -2886 1892 0
2867 487 2135 0
-2737 -2470 1166 0
1512 -222 1507 0
-74 -2935 358 0
2436 -888 -1103 0
424 1126 1266 0
-1283 -1000 2901 0
824 895 30 0
198 -398 224 0
2338 2518 1504 0
2303 4 1661 0
1142 -371 365 0
843 996 2983 0
-2374 2595 -473 0
1625 2684 1961 0
618 2837 367 0
201 2121 2671 0
2516 1044 396 0
1923 -2650 -2400 0
1328 2285 492 0
1058 565 140 0
661 2884 1698 0
1534 1431 854 0
1507 -1529 1297 0
1091 2992 1721 0
-849 488 -2879 0
2900 2615 839 0
1478 1325 1885 0
2413 1764 1573 0
1412 -602 -1625 0
2678 442 2299 0
1725 -2245 1765 0
2334 970 -151 0
1665 -2808 -849 0
1514 -1954 -554 0
2069 1553 -1991 0
2961 532 1300 0
1793 -1462 -2071 0
-1955 -1238 2003 0
472 2964 1863 0
752 2963 2066 0
1484 1993 -2899 0
-2006 1215 1696 0
-1322 -1121 964 0
203 -2553 -988 0
2537 -1638 17 0
-491 1841 -296 0
554 2504 92 0
553 2420 1266 0
2314 2841 1327 0
471 183 2836 0
1061 2293 -1705 0
366 54 2128 0
-981 -1730 2437 0
-1588 1731 2880 0
2522 -1200 2485 0
1096 1553 1970 0
-1658 2566 1646 0
2202 307 2075 0
1268 1654 35 0
966 -1437 -2488 0
593 -109 -576 0
2347 -2043 2584 0
-427 598 -216 0
1469 -1651 868 0
2677 914 1242 0
2346 1002 81 0
1632 -254 1202 0
53 -2736 284 0
-99 59 -695 0
-2644 2373 154 0
2971 -1448 400 0
893 955 1145 0
2529 2953 -89 0
1382 2056 787 0
-1222 2485 288 0
753 859 -1700 0
-237 835 1282 0
-527 -500 1256 0
2306 2181 2748 0
2931 2927 670 0
761 2755 22 0
-1957 1231 2121 0
1005 1477 2859 0
2013 -1775 12 0
-1414 -2336 2658 0
407 1312 595 0
-1936 1047 428 0
2633 1521 1539 0
780 578 2042 0
2593 833 603 0
1529 635 2326 0
716 52 972 0
-2551 2919 -2038 0
1406 -705 275 0
-11 2703 -1176 0
2102 2657 2320 0
-2167 -1225 2279 0
-1875 271 820 0
1314 2633 -2783 0
1789 -403 -2155 0
951 1647 538 0
110 2970 -2645 0
790 259 1952 0
-2250 1712 1884 0
463 2512 520 0
2812 -2799 664 0
-42 1726 1125 0
1975 511 -1863 0
2069 2089 336 0
652 2212 1482 0
2486 2674 2558 0
-2158 2721 983 0
1429 1595 -1411 0
-2991 505 -1111 0
-560 -1316 1906 0
1921 -886 289 0
1520 2610 -1444 0
1683 1192 1433 0
1494 2434 2366 0
-1588 -408 1900 0
-2045 390 418 0
-2002 -1610 2349 0
613 706 1590 0
-441 344 2648 0
495 722 2250 0
2480 2041 264 0
-1199 2521 -632 0
984 -2198 -643 0
1789 222 1836 0
-36 1125 2373 0
-2197 1818 366 0
-2364 2866 -191 0
-674 1428 305 0
1603 1869 2347 0
1849 1817 -78 0
-1444 564 51 0
1904 458 1338 0
-2967 -2616 2480 0
-2148 -731 2485 0
-145 -582 2923 0
-2519 -1874 1015 0
1753 2540 878 0
597 -1807 2001 0
-1155 1031 -527 0
649 1521 2271 0
391 2175 141 0
-449 -692 762 0
111 1432 2553 0
-504 2666 2728 0
-2535 1299 2732 0
-1941 -2653 1710 0
2465 2644 860 0
1493 1265 2288 0
-709 829 -25 0
2755 -1309 -1940 0
1246 2240 364 0
-2793 1021 -1688 0
1745 17 2315 0
-2350 -1981 648 0
1838 2054 609 0
-1924 -1405 1766 0
2554 -1609 -714 0
2663 -583 2434 0
-948 -1533 1371 0
-2006 571 2403 0
1639 1942 1969 0
-1054 -1779 2983 0
688 828 925 0
2514 987 -1875 0
6 1134 1615 0
1502 -2668 22 0
2046 -772 -1956 0
2219 -1190 -2974 0
500 950 2507 0
2941 1766 -2169 0
93 508 2712 0
-768 232 121 0
835 1491 -2588 0
806 1559 2971 0
2496 1700 661 0
2990 -843 2315 0
-445 -2709 1760 0
962 886 1889 0
-1149 2396 -1582 0
1444 -281 -427 0
-1387 -662 543 0
2943 1752 1283 0
2471 -1125 -1969 0
-516 1672 269 0
1526 -1017 -2927 0
2037 2329 -1354 0
1529 717 872 0
2241 -1449 935 0
281 1167 70 0
2583 -1276 -2387 0
416 -1079 452 0
2348 -2309 -1485 0
2822 2489 1166 0
2135 -321 -65 0
793 -1600 -2818 0
2146 2521 357 0
-1085 -83 1941 0
2141 -1094 2734 0
-1787 2249 2086 0
-2080 1859 -214 0
1930 1495 -2690 0
1429 -975 860 0
2465 2377 226 0
1483 -1074 -1434 0
-538 1710 1192 0
865 850 -484 0
-631 -1040 1638 0
1368 2476 2909 0
-2048 -2868 506 0
2551 369 2180 0
1782 -2758 -2424 0
576 -2069 -2648 0
-2958 2620 -1776 0
-373 2337 -2614 0
2157 1429 2981 0
859 2256 2447 0
1460 2017 2486 0
-1331 2244 -1701 0
895 2125 -306 0
1396 -1705 -2378 0
557 -16 -832 0
1051 1014 2883 0
-1688 -2264 908 0
-1919 951 -93 0
-1849 1894 1048 0
1208 2562 1951 0
1296 1722 1202 0
1068 1696 -2337 0
85 1469 -361 0
358 2694 335 0
769 651 2327 0
318 356 890 0
2081 1197 -471 0
-1679 -700 2578 0
-192 1172 -190 0
1648 -384 1584 0
1882 2585 860 0
7 1594 685 0
2998 -1536 2142 0
1075 2806 837 0
-1252 2956 2692 0
2958 -1003 2303 0
-2995 -872 58 0
1326 647 256 0
2635 1593 2856 0
-2763 487 2455 0
1781 -1257 1436 0
361 2612 210 0
1135 1213 -217 0
957 2077 -333 0
-1618 -2143 1235 0
1575 1038 1514 0
715 391 2112 0
818 -290 -1110 0
1065 1763 -1887 0
1504 1050 -2472 0
507 236 1539 0
1406 -2013 2486 0
-1560 2942 -184 0
2552 -2026 -2928 0
2780 -695 -2001 0
1175 2414 1782 0
-2041 2284 2810 0
1420 -97 1316 0
582 1383 -1728 0
-1694 -1210 854 0
1369 -2683 -177 0
-2713 2164 1507 0
-2926 127 -182 0
1074 2199 2462 0
1917 1495 -297 0
1053 2401 1885 0
2819 2180 678 0
-1272 -1622 1377 0
-1266 149 1792 0
1744 -1811 -2459 0
1285 190 2920 0
890 49 1788 0
1188 1513 516 0
1362 -2425 292 0
453 40 1088 0
-907 2065 432 0
616 31 279 0
-1060 1906 -1737 0
1038 595 677 0
864 643 1771 0
2654 -406 2456 0
-2658 2141 55 0
1181 -1012 -1722 0
-1279 369 -2087 0
1179 -2889 1778 0
1276 1265 756 0
-1230 1825 -2210 0
1860 906 226 0
1942 2425 133 0
-2775 2696 -2689 0
-2122 -894 1341 0
175 1379 2340 0
231 -2734 1387 0
2760 647 2872 0
2129 -1812 2339 0
536 -677 1708 0
-2046 2075 1247 0
-370 -7 2433 0
2165 -2923 1457 0
-2029 -425 2105 0
1587 371 472 0
-1948 2538 2583 0
2280 2765 2680 0
136 1587 1654 0
1562 -404 -1534 0
-2206 -117 2344 0
-2274 183 2966 0
550 -1601 -1439 0
2272 1765 2381 0
2257 2931 2339 0
2661 2525 1691 0
2385 -2612 -2518 0
-624 821 1718 0
1090 2365 -2625 0
1439 871 2997 0
-348 -1805 1306 0
398 -1536 2112 0
-792 1277 2443 0
-894 1889 -2162 0
-1209 1216 -400 0
-964 1895 -2389 0
2679 2568 225 0
1419 880 2927 0
2587 1347 229 0
-2199 -1252 1334 0
570 2031 2906 0
2384 2970 2544 0
501 2181 -872 0
1082 -1263 -254 0
-1371 39 2343 0
2148 680 2575 0
1423 -924 -1155 0
1162 -2545 -1946 0
2247 -2406 2716 0
470 2168 2387 0
298 2923 1490 0
42 102 447 0
2187 -2312 -2403 0
552 -2718 18 0
533 1129 2904 0
-695 1465 2101 0
683 1421 1386 0
2472 1134 -1251 0
-197 2462 847 0
-1575 2536 -2172 0
750 -364 2122 0
816 1849 2385 0
1719 296 797 0
1192 -521 713 0
287 1276 2971 0
276 332 398 0
1956 -804 642 0
597 -111 -1697 0
1758 -1971 1392 0
2248 1394 2580 0
1618 2404 -1847 0
-318 2756 1297 0
1032 2644 1433 0
1612 -554 799 0
809 407 607 0
1209 46 2273 0
-2581 1468 1003 0
-1526 -1079 933 0
-2819 1626 725 0
612 759 310 0
1442 1728 -2992 0
-906 -980 2289 0
-1077 1053 2674 0
728 -312 350 0
433 115 -2588 0
1879 615 1873 0
1672 1120 817 0
2505 -854 -37 0
1750 671 1628 0
130 131 996 0
-2235 1215 2533 0
1170 2139 -2556 0
917 770 1874 0
-1853 2280 1637 0
1788 1999 71 0
2545 1927 51 0
182 -1140 -1521 0
1469 -1074 -2434 0
1257 -105 528 0
1763 -837 574 0
1661 2205 -1565 0
2281 -374 -2437 0
2885 1848 2084 0
-2828 742 -2799 0
-1096 -1126 680 0
2417 1142 705 0
1443 785 2133 0
-423 -1563 2771 0
1616 38 2292 0
2471 1348 -627 0
-1813 1604 2302 0
2029 2654 -1366 0
1058 221 -2047 0
2622 764 220 0
836 -2150 -292 0
407 -62 -2075 0
897 1200 400 0
750 -1274 164 0
-2250 987 1141 0
-2748 176 1163 0
2091 1296 1730 0
2146 409 476 0
230 1477 2597 0
337 2848 376 0
677 1788 2126 0
688 1932 -2980 0
-513 2095 -2966 0
558 -2669 -1959 0
1362 171 282 0
631 -38 -830 0
588 -1119 -2860 0
1609 1455 -695 0
419 482 -1933 0
2051 1213 -110 0
415 955 258 0
862 1223 443 0
-2880 -425 2955 0
1174 -23 1596 0
-869 1769 2289 0
2123 2636 -1527 0
674 1004 2904 0
1822 799 1943 0
-319 1430 -23 0
1298 2260 328 0
1645 1248 565 0
-613 -1968 574 0
540 -1906 2766 0
1046 2360 2159 0
-854 1270 -2111 0
-1407 -2318 2354 0
-2663 -521 1687 0
2477 -2228 -1202 0
-49 2677 1086 0
-979 2992 -1470 0
683 -1436 -2104 0
392 -492 1878 0
651 2424 -2729 0
1598 2598 1243 0
158 -2818 -1979 0
-688 -1265 2435 0
-154 -2474 2894 0
1287 -2797 -1063 0
1201 1810 425 0
93 1526 -1122 0
-2436 1327 -620 0
2409 1328 1839 0
617 2786 2379 0
-917 1700 510 0
781 768 -766 0
-1221 2957 2276 0
2796 -344 1810 0
1323 -1022 1131 0
1726 -1083 -2139 0
-1263 1351 1800 0
-769 -896 1299 0
1013 1921 947 0
2537 2255 2921 0
-2491 2041 2450 0
2996 1937 2491 0
-1155 1168 1027 0
-1458 2782 2146 0
-2404 -2162 1955 0
120 -1207 1606 0
-1177 158 -1661 0
2996 321 -2777 0
-741 1359 2792 0
2618 2 470 0
578 2522 2234 0
-1300 584 -1264 0
2389 285 1154 0
1168 185 459 0
1802 -119 1774 0
-850 2512 2082 0
2425 941 1703 0
2865 672 1226 0
-1646 2095 169 0
1292 183 2097 0
2001 2635 2430 0
-2158 788 2119 0
-1542 -651 774 0
2842 913 2074 0
1519 157 2202 0
1343 1969 1933 0
970 1682 1557 0
614 -513 -1853 0
2229 2570 2022 0
2676 -2716 -2282 0
2854 -782 -180 0
1719 1030 1008 0
1920 -776 966 0
1286 2242 2503 0
2359 2046 1980 0
1521 -141 -2351 0
2659 -299 2127 0
-1300 1922 964 0
-1565 -2608 2197 0
1673 -2243 -589 0
2501 120 -572 0
1293 987 -870 0
2295 2521 -322 0
2875 -516 -521 0
2817 2080 -1953 0
1320 -1715 2169 0
1593 1085 1618 0
-67 -371 1745 0
700 -2167 -494 0
2690 692 -618 0
1959 -2947 -679 0
2895 478 -2831 0
-1888 -203 1789 0
549 849 -2099 0
368 -1473 2104 0
2316 1033 2290 0
387 -2698 1054 0
-126 -436 2528 0
-692 2959 2453 0
2896 2665 -1160 0
-168 2696 -2031 0
-2257 2078 738 0
2319 -1139 596 0
2650 320 -1045 0
-357 -1017 761 0
2100 1121 68 0
1374 1100 906 0
1322 2743 126 0
-986 747 -1772 0
-445 866 -1261 0
2730 2496 252 0
2515 1973 1350 0
829 -2323 2135 0
2238 2638 -402 0
808 1485 -609 0
1053 1050 2261 0
-192 2811 1049 0
113 2469 -877 0
-1551 2506 1571 0
2250 -1155 -1205 0
2455 2873 1216 0
1072 2803 1763 0
2108 1458 809 0
-1984 712 2799 0
-615 729 1361 0
-2702 -1490 2723 0
-2471 1092 -1129 0
2104 1728 34 0
-1380 1152 -1730 0
-1224 2341 1942 0
608 1448 1076 0
2985 160 423 0
-2390 1674 2790 0
2300 2502 2338 0
2701 2365 -1508 0
-565 -763 2221 0
2391 966 -1746 0
-822 1829 -1249 0
617 633 -2066 0
2264 717 2252 0
1295 -1684 -1636 0
415 1100 2857 0
-2995 -2190 425 0
-1026 -1884 613 0
-1850 -381 865 0
-2981 2743 -1195 0
-426 -1590 1976 0
-2531 955 -1209 0
565 -205 -685 0
108 -137 -2152 0
249 -1154 -884 0
2107 929 -722 0
-512 -1765 1164 0
1460 596 1323 0
-868 -1964 775 0
-216 1623 -2218 0
2882 -2053 1175 0
-1065 -1043 1305 0
-1592 863 1283 0
2757 113 2373 0
-2378 2032 -489 0
-2212 1586 -358 0
2195 -2135 -1675 0
1377 -2780 -1142 0
2343 2390 -105 0
2444 2866 72 0
980 1144 2261 0
1398 269 -2685 0
1634 1740 -1025 0
-1137 -49 579 0
1780 -80 1991 0
-1289 -2709 1444 0
-926 -209 2079 0
-1675 1218 -683 0
1958 -2881 1839 0
695 924 -2085 0
2204 -1163 -1124 0
1575 -1175 1523 0
-213 -2891 838 0
-1887 1781 2854 0
124 1772 -2974 0
2112 -1743 994 0
2284 1802 1289 0
1781 -973 1960 0
607 816 -2444 0
1598 1082 1286 0
-2728 -2776 386 0
1048 -2277 2786 0
795 1784 2264 0
1217 -1418 -2202 0
-1729 2887 337 0
833 -989 -1192 0
-857 1093 631 0
2732 1419 -915 0
-851 -854 1046 0
1451 -960 12 0
-1862 2948 -156 0
2556 -183 -2483 0
2337 2288 11 0
1986 379 -2698 0
310 2536 2296 0
371 -1713 -2669 0
2475 1303 -441 0
2316 2507 1619 0
-2073 2602 2098 0
-303 2555 1349 0
1400 956 -1585 0
1975 -2651 -726 0
1349 2117 2099 0
-633 1538 -331 0
2752 448 2844 0
2573 2097 2133 0
-1852 -1627 2814 0
1256 1090 2638 0
-1853 2235 -2078 0
-1715 1449 -2446 0
1329 2598 1580 0
-1722 2608 -2263 0
2721 -2779 2740 0
2612 2944 1071 0
1723 1076 1820 0
2273 -1893 -1954 0
465 2157 1813 0
-2705 2731 1007 0
-356 203 -834 0
1211 2311 1412 0
874 1734 1194 0
2064 1936 -1274 0
-2393 1532 -1004 0
-1392 2457 1318 0
2156 1406 330 0
1837 -1739 2663 0
1247 1292 314 0
1255 -19 -1344 0
-739 -2052 1725 0
-1419 2881 1567 0
-805 2758 2957 0
1048 -1908 -850 0
-2652 1925 2003 0
2919 -2021 2243 0
1917 884 -1325 0
1934 560 -1567 0
733 453 2319 0
-858 -2431 2298 0
2097 1849 2302 0
581 -1332 1978 0
-29 2535 1347 0
338 -63 -2232 0
-1637 1080 786 0
23 734 132 0
-1718 265 -218 0
1906 1311 1111 0
1850 1717 2787 0
-991 -1394 2866 0
319 1314 2203 0
658 2868 2191 0
-537 1379 -1378 0
2556 466 1933 0
1923 1660 327 0
-2442 488 -2427 0
1171 -2594 -1791 0
-755 1771 2346 0
181 -1636 -2901 0
657 2108 1070 0
1481 -1675 -1924 0
2030 -1358 1316 0
-1874 -2373 2919 0
922 -1621 -1994 0
-1570 2143 820 0
-429 1067 -230 0
560 1093 1366 0
-407 -445 153 0
968 2596 731 0
2216 -1313 1641 0
558 -841 -659 0
1393 -1703 2977 0
733 2479 -700 0
-2483 -477 2458 0
2661 1712 430 0
2117 -145 -563 0
2404 1322 1115 0
1584 1012 297 0
1663 -586 -1250 0
-1124 2513 366 0
-1432 1551 661 0
1008 2873 1794 0
972 1505 2475 0
2776 1497 965 0
-2336 1248 1868 0
597 -1422 2495 0
1810 2107 580 0
-2167 1468 -1847 0
65 1795 1165 0
2521 -2223 -421 0
287 1188 1753 0
1874 1805 -1131 0
-2498 2855 1169 0
394 340 -134 0
803 -1859 -2861 0
1942 2665 2499 0
1064 1280 1674 0
-2293 -644 2102 0
-1694 1669 2782 0
2744 -2973 2213 0
-56 2770 -323 0
-64 1368 1761 0
2473 2766 -1110 0
547 -2612 1865 0
2761 2217 2992 0
646 451 1627 0
1900 2333 77 0
1997 119 1977 0
-2237 1182 -201 0
1504 23 124 0
2139 1953 -1663 0
113 1329 2317 0
1884 2501 -1436 0
341 2205 -1703 0
2008 1045 1860 0
1566 2991 -2279 0
2455 -1060 -2587 0
-1304 2395 2227 0
-2613 -2344 370 0
-2093 -158 135 0
-105 2515 1004 0
2530 -1499 175 0
-1566 -2709 1000 0
-1187 505 -2086 0
1801 -619 824 0
202 1558 219 0
1383 2676 2933 0
187 2792 1411 0
-325 350 -1300 0
225 2043 -1333 0
-1689 296 -1343 0
-2903 -769 2763 0
1975 2531 2428 0
2083 1729 482 0
699 -2764 2754 0
126 -2741 -1856 0
2385 1107 577 0
-2414 -1645 2697 0
-2956 487 2733 0
40 2629 -295 0
2287 -1313 -1908 0
1014 808 366 0
1412 -65 1476 0
-873 250 1503 0
-831 479 74 0
1771 2117 391 0
-190 -2009 1220 0
-691 2492 110 0
-476 1930 -1042 0
-1850 1635 568 0
113 2653 1098 0
2160 2742 -992 0
-598 762 -1393 0
1190 1193 1900 0
744 1395 1308 0
662 -975 281 0
1102 -1670 2103 0
1191 -164 1825 0
2134 942 251 0
2709 308 787 0
1722 2708 2866 0
-339 -871 785 0
1732 1310 2947 0
2470 186 2233 0
2557 1733 1100 0
2651 1795 1283 0
-14 920 342 0
467 -2038 -623 0
2625 2494 2881 0
-2232 -2827 437 0
2011 2432 -539 0
-888 2725 -1754 0
-417 490 958 0
2881 535 -2970 0
75 -1106 1198 0
2819 1244 1360 0
-212 1915 1148 0
-1396 1092 1472 0
2287 1522 -1731 0
-1804 2187 293 0
-465 192 2265 0
2148 -224 -1318 0
-1750 1152 412 0
1605 -155 719 0
1215 608 283 0
464 1309 2777 0
424 -191 2868 0
-2091 -168 2906 0
2652 -2498 -963 0
1125 1577 1051 0
172 689 1412 0
695 422 632 0
37 -2857 -2038 0
843 -2616 -516 0
1797 400 2719 0
897 1760 1598 0
700 -451 -1210 0
2869 1156 910 0
-1098 2987 -2349 0
1387 2905 1966 0
1756 207 1959 0
-2732 -2571 2146 0
1117 -313 2269 0
-2343 2499 -1769 0
1879 -299 2669 0
1424 599 -1993 0
2745 1940 477 0
1072 -439 1987 0
-2117 2062 226 0
232 572 -2565 0
1499 1417 149 0
-2545 912 1924 0
1005 199 673 0
1712 1425 906 0
1797 -2125 1067 0
-1954 -1611 1700 0
2331 -649 -1676 0
2375 967 2849 0
2219 -2197 2078 0
1490 1523 1792 0
2902 -729 -2044 0
-2012 621 1108 0
-390 1804 -1115 0
-542 2345 1537 0
2438 -529 -398 0
994 1621 1346 0
-389 104 2529 0
1632 -43 2304 0
2106 2920 1625 0
1469 -1379 -76 0
-36 -1233 2350 0
523 1487 51 0
-1597 2912 -2940 0
946 1615 829 0
1040 -996 -626 0
820 286 32 0
-2803 424 2484 0
437 -439 -560 0
-349 1485 614 0
1993 1055 2115 0
346 1436 1876 0
1336 2944 2498 0
2758 2692 -1655 0
-1292 -2948 2806 0
2714 2350 -1784 0
577 856 2596 0
528 614 -1656 0
-2970 1421 -1956 0
846 490 60 0
831 -2379 215 0
1225 2360 141 0
89 -168 2896 0
2964 2671 -1920 0
2346 -591 317 0
1254 1757 -1263 0
2900 108 1695 0
-2729 -2548 1106 0
2339 -2677 1750 0
-890 553 2377 0
1909 2048 335 0
-1728 -2119 2841 0
716 644 121 0
1856 -2987 2991 0
2781 1718 -2144 0
-761 906 -1027 0
1969 -1211 2938 0
-995 -1930 1457 0
-1295 -423 346 0
-1595 620 1450 0
919 1281 2253 0
-1498 2087 -135 0
1159 925 2691 0
-488 1928 479 0
2743 -98 -2370 0
664 2349 2480 0
-516 -2558 6 0
2855 -2430 1158 0
2292 2465 -1237 0
-2276 -2069 1940 0
2695 1575 2934 0
-861 66 1281 0
-534 2445 -1369 0
-1896 -2407 2463 0
470 -706 2303 0
639 -2309 2003 0
965 1456 -2384 0
63 2224 454 0
2368 2127 1077 0
-1852 -1731 2188 0
1806 966 1970 0
2330 733 816 0
2186 133 216 0
1692 -1552 968 0
381 2757 2124 0
2756 -2529 2034 0
-1347 -121 2183 0
1787 2841 2538 0
1673 -2854 -1935 0
2023 -1903 591 0
-844 785 -1052 0
-723 342 -14 0
-2240 439 2637 0
-1867 1163 -2195 0
2100 2162 -2994 0
1619 -1436 -2112 0
983 -1780 316 0
112 1921 -1131 0
539 -2468 -1281 0
109 13 2703 0
67 1878 636 0
2069 -2545 -1184 0
1490 -2290 -1592 0
-1451 269 534 0
1315 -2626 2307 0
-934 1728 -710 0
-475 2725 970 0
-1737 -606 2725 0
-1994 -1630 1232 0
2433 2959 -1492 0
-210 1044 118 0
2792 394 367 0
2201 2362 893 0
67 -208 587 0
360 -2374 2061 0
846 1090 -1745 0
377 -1226 1310 0
-572 317 1486 0
1026 287 -196 0
1748 262 424 0
361 -857 138 0
1753 1710 1966 0
-242 893 -2683 0
-2806 753 -2881 0
-1530 664 -2114 0
1300 576 2462 0
2495 1023 -2999 0
-328 -849 697 0
-747 927 -785 0
1781 2119 812 0
2567 878 -2547 0
2336 1534 1578 0
1160 103 2064 0
-567 1946 -2488 0
-322 588 1773 0
439 1367 1918 0
1672 467 441 0
-1282 190 -10 0
2734 487 595 0
864 1954 -688 0
-287 1328 2015 0
1614 2994 678 0
-1515 2229 386 0
-2737 -1505 557 0
-1829 -1504 2762 0
-2654 -846 54 0
1637 1378 -217 0
2554 -1033 462 0
-261 1331 584 0
1402 933 -1274 0
-168 2874 651 0
1994 -1465 -613 0
735 -649 2059 0
2107 1271 961 0
-2030 198 -1604 0
2902 1011 2887 0
416 -2357 -1753 0
-39 215 2853 0
1362 556 -278 0
-2311 1624 -900 0
2578 2413 -174 0
1 2654 1594 0
1726 1656 1592 0
690 405 2426 0
1119 -2465 -2938 0
2178 -318 -230 0
579 -382 -1892 0
420 2854 1425 0
2116 2614 737 0
1462 884 2210 0
2154 1583 -1106 0
1245 2941 -710 0
-1517 1393 -2869 0
595 1174 1635 0
-35 2124 2084 0
1760 -1222 1555 0
2448 -1539 2416 0
-174 2614 2656 0
-67 -1720 1422 0
1979 2847 -597 0
2089 -2637 -586 0
1617 -635 -2 0
1047 2573 1448 0
-132 -2010 6 0
2731 860 2542 0
-951 -1251 2472 0
847 -1544 1525 0
1467 948 986 0
-2915 1953 197 0
415 2007 567 0
2070 -2479 -978 0
-2865 -1363 2906 0
-11 1207 1371 0
2459 926 1616 0
2854 -2169 -116 0
2748 -1765 -1125 0
-1679 769 -392 0
1153 -1823 569 0
1176 -199 -2771 0
195 -224 -2859 0
-826 2257 -1310 0
86 1107 1840 0
-248 559 2839 0
-2825 1577 -511 0
2462 553 2042 0
225 734 -93 0
482 -1208 -2757 0
-604 1296 2445 0
1616 1809 2481 0
1882 2198 -2657 0
2312 1272 1601 0
-2814 213 2078 0
1739 1677 235 0
906 1829 1696 0
2968 -2944 533 0
2767 -1795 -1555 0
426 -1922 -1598 0
2385 -2870 -1729 0
2347 1288 445 0
1569 2190 1145 0
973 -1347 178 0
44 1872 1583 0
928 -1305 -1478 0
-966 2789 -2725 0
-418 -2767 2320 0
-2017 2635 -1038 0
1855 -1307 1256 0
157 -752 -1574 0
662 2573 -1271 0
2191 1763 2004 0
869 -1071 674 0
2891 1903 2178 0
390 -499 -1625 0
2620 689 -334 0
2212 -2112 1158 0
557 -350 -2137 0
-259 1496 -1127 0
-386 1253 -151 0
2636 1081 2759 0
279 2354 2060 0
1768 -2216 1696 0
1118 -2136 -1683 0
-2172 -2540 2999 0
609 -889 601 0
-2830 1854 2857 0
-1550 -784 353 0
1337 -2858 -2494 0
32 1807 2749 0
2183 388 2526 0
-2749 2021 -198 0
-315 358 2057 0
-2895 53 682 0
-2585 2092 1043 0
-441 2529 -2777 0
2760 -2313 142 0
1679 -2793 829 0
2522 -2656 2317 0
-2146 483 -448 0
1237 2926 -629 0
329 -328 -2911 0
-2125 -899 2068 0
2943 -32 -491 0
-541 1585 -287 0
-1374 -713 1006 0
-2966 1342 -2638 0
-1599 -788 2140 0
325 -910 1302 0
1103 720 2721 0
-2644 -2765 2531 0
2008 305 2499 0
-2320 -836 1198 0
1725 1539 -2165 0
-715 -1075 1201 0
920 2663 -692 0
-1577 19 -2565 0
2701 579 275 0
280 -1584 59 0
-2162 1904 -1779 0
-2224 602 -1401 0
-631 1514 897 0
1467 394 556 0
2671 -617 -2493 0
971 -1137 1840 0
-2502 -1117 715 0
1677 -2831 -2302 0
528 2930 1530 0
36 -2906 -352 0
796 344 2895 0
-2170 2899 -1915 0
1631 639 1104 0
-171 2045 2175 0
-2651 2205 -2214 0
2747 2578 2096 0
561 -2242 2714 0
-1357 -2816 2782 0
1072 1408 2300 0
1765 -1998 -2810 0
1151 1883 274 0
-989 2151 1300 0
2950 -2996 610 0
-980 -1431 1223 0
601 1394 1286 0
-2397 2879 2321 0
230 467 -1292 0
-1949 1418 2350 0
-1310 2682 1711 0
-1427 2286 1495 0
953 1143 652 0
-393 2131 -1402 0
1944 -2732 -2540 0
1736 -2802 631 0
-1733 1427 -809 0
105 96 2923 0
902 1387 -2765 0
-279 -916 1514 0
909 2597 861 0
509 2970 2491 0
1072 691 2 0
2489 818 -2974 0
-226 209 -2083 0
272 1669 -1829 0
1235 897 477 0
-120 -1118 946 0
381 1811 2010 0
-2317 -187 2917 0
1977 -1411 -476 0
1712 431 792 0
513 2373 195 0
-2146 409 -252 0
-459 1037 -1971 0
-2076 1323 -2056 0
1211 265 2529 0
1213 714 700 0
2556 -1102 898 0
389 2226 2370 0
950 -2350 -2907 0
1275 -471 1397 0
-2612 1379 1917 0
-1567 3000 -1620 0
2766 1470 -2207 0
1441 -1698 -2193 0
-693 663 293 0
1203 2793 -11 0
426 49 1095 0
2574 -2216 868 0
2554 -1807 104 0
2071 1390 1766 0
-1504 -1018 2142 0
2103 1223 1251 0
2276 1745 1739 0
333 667 2911 0
127 2102 -2995 0
2144 370 1868 0
2684 -1592 -2405 0
2052 145 2655 0
865 2694 422 0
525 1734 -1957 0
1823 -359 2738 0
784 182 2780 0
1958 -2275 -265 0
942 -1704 1819 0
1204 -1862 2817 0
-1649 2902 1426 0
1209 -730 -1917 0
-2948 2653 1208 0
-2050 -1786 2316 0
61 1821 937 0
639 -2547 1930 0
271 173 2639 0
543 -788 -2930 0
-2690 2078 -2013 0
2282 1892 1363 0
2554 599 2023 0
168 2565 2942 0
318 -380 849 0
-2469 -1589 1739 0
1577 1768 -2972 0
1401 -2868 2863 0
145 13 2654 0
2053 1389 809 0
939 2707 861 0
1153 -1040 2754 0
-1876 2324 -1396 0
2386 2586 2720 0
1282 -966 645 0
-2647 836 2318 0
2429 1254 1687 0
1866 348 849 0
-2184 1082 1150 0
1714 859 -636 0
2909 2154 496 0
98 194 1159 0
-1532 1680 1059 0
1941 -1425 1138 0
-2604 1446 -757 0
767 1071 2985 0
1428 -651 174 0
-163 610 2140 0
2859 2803 1120 0
2474 -1801 -1161 0
2577 1669 1658 0
-615 -1459 812 0
548 2278 -275 0
-567 -805 1042 0
94 465 737 0
397 2628 1098 0
2953 787 1337 0
1782 877 47 0
-2966 2001 2406 0
-1005 994 778 0
778 281 -845 0
543 -2831 -555 0
210 -1599 164 0
-202 2665 1065 0
-2208 1931 815 0
2779 2949 -106 0
227 -2091 2843 0
2629 -2247 2091 0
1573 2183 2805 0
1697 2883 -2796 0
304 -1160 -2261 0
-1335 806 -1451 0
-861 -2220 745 0
233 -1227 2009 0
2175 -967 1132 0
1154 1714 159 0
-2080 -66 1692 0
1751 2662 1142 0
2854 -295 1338 0
2104 1960 2349 0
1560 -216 -2932 0
-310 1959 1081 0
2674 -682 1430 0
-1702 383 567 0
-1174 -197 1988 0
629 1555 -164 0
2460 -1545 2652 0
780 -1573 -1157 0
-1957 473 -657 0
1973 2232 2297 0
-2556 1517 462 0
-386 2293 -2226 0
-2640 460 -1081 0
-1003 2206 351 0
2514 2236 1379 0
932 -42 1684 0
1758 1262 48 0
-2091 1002 -701 0
1265 896 -901 0
-2584 694 -1671 0
1682 -1901 -370 0
1236 -55 -2465 0
1196 1070 1386 0
52 2557 2713 0
-1247 1775 -2690 0
2816 2376 2890 0
1065 1452 688 0
1669 -2444 -827 0
-139 2829 605 0
422 1795 1160 0
1632 1463 2952 0
815 2640 1163 0
2293 1511 -830 0
5 -2309 2964 0
934 782 -2170 0
-1043 2608 -1225 0
2984 1347 -2197 0
1710 1159 1520 0
268 182 -1758 0
1128 1843 -871 0
2603 2616 966 0
2904 -604 -399 0
1790 -1757 971 0
1497 2996 95 0
1348 2080 2842 0
1226 -2284 -547 0
784 304 2849 0
2313 964 775 0
1741 535 1860 0
-1862 2766 36 0
2615 -2151 -2269 0
205 -1023 1463 0
-2428 -30 310 0
1317 2687 33 0
-1115 1681 -2825 0
802 672 -1575 0
549 -1927 -714 0
-1174 -1162 1601 0
-1388 1107 1642 0
2753 545 -2265 0
2702 -2776 2210 0
-2810 78 1270 0
453 46 2787 0
1990 1759 2088 0
-1175 330 -2812 0
1151 -746 2071 0
667 -1913 -2120 0
415 1573 625 0
1163 -317 -2158 0
2651 1280 32 0
2287 1865 1363 0
1254 -588 -779 0
-2813 2231 1211 0
2386 -1910 224 0
2582 -2430 -2896 0
222 168 2823 0
2170 -1044 -2051 0
877 -873 1697 0
241 180 390 0
2446 -4 2576 0
430 -2608 561 0
1454 2969 1097 0
467 2341 658 0
-1655 -2983 1989 0
1311 -1990 1149 0
2561 1669 1442 0
-1455 939 282 0
1226 159 2203 0
445 -1108 1514 0
2316 670 25 0
1636 -445 -1837 0
1982 263 1675 0
622 2092 2005 0
236 -2423 -2358 0
1752 -1647 -1217 0
1953 2290 1611 0
2657 587 931 0
-2462 -526 710 0
361 715 -1054 0
-977 58 2298 0
1835 -439 151 0
2328 101 770 0
-14 1310 -2924 0
2735 1656 -529 0
283 2152 2925 0
-451 -2236 336 0
1332 -1270 -533 0
-2392 1797 1178 0
-1759 1626 1865 0
-1036 1979 -1724 0
1502 2935 -1493 0
274 -1395 1445 0
2626 123 -338 0
404 1063 1245 0
2907 145 1329 0
1072 2204 578 0
2313 -2966 2054 0
533 1190 1611 0
-268 -1502 48 0
-1520 1974 1449 0
605 1845 1242 0
-786 1304 695 0
2544 1826 -1980 0
1834 1182 1308 0
89 -2822 -511 0
1811 -667 -2300 0
342 -2399 2770 0
1048 1525 2563 0
2640 1641 2095 0
-107 1454 379 0
2759 2659 1498 0
2618 597 2989 0
1222 1719 2099 0
1131 -1854 -285 0
2427 -1612 1319 0
-2000 -379 2343 0
1885 -555 1962 0
2318 1682 -1334 0
76 -2869 953 0
2760 -2186 1101 0
1863 687 1144 0
-2572 -374 484 0
-2974 459 1391 0
575 -1169 1476 0
172 1745 2269 0
-951 42 1219 0
-1664 2619 1572 0
1420 1891 -2272 0
13 515 1409 0
2667 -2880 569 0
2776 1540 820 0
1576 2260 -138 0
2331 -1555 -2891 0
-229 2642 -2233 0
1050 1687 1850 0
2155 1882 2522 0
-2627 -2088 1527 0
2741 -518 -2999 0
1434 -1707 3000 0
1 2920 27 0
1053 29 1136 0
2851 -1808 2319 0
-184 366 -1283 0
-424 -1046 2205 0
2153 1124 -2663 0
-2204 -422 1263 0
2983 -253 2557 0
2282 1130 2637 0
-2723 1750 -603 0
1006 -1539 2825 0
2354 2315 493 0
-1382 2869 -1091 0
186 -91 1377 0
2085 871 589 0
-718 1749 -1368 0
1314 -1954 -2925 0
-2145 553 -1752 0
435 261 2887 0
-647 -2301 459 0
1432 1842 2924 0
1844 -2842 -94 0
-51 705 952 0
2748 1942 2055 0
1141 2268 2147 0
1670 2500 -2061 0
-1355 -156 409 0
-691 1384 -242 0
2626 -2315 2728 0
2849 -1357 -2006 0
1655 -1954 1449 0
1440 -360 -1041 0
2619 -699 -2464 0
2436 -1740 2529 0
-1428 566 195 0
-242 1150 10 0
-96 1930 -2385 0
201 1564 1892 0
676 -663 -1596 0
-686 -2619 2871 0
-2914 1555 639 0
-626 1876 -2934 0
2057 1274 136 0
-49 1826 2827 0
-2201 2351 1032 0
1895 -411 -1847 0
1409 1311 -2609 0
2835 2473 2290 0
1743 2884 838 0
439 -2210 -1450 0
213 1855 140 0
2336 2178 2009 0
-50 2270 -2782 0
796 -2818 -775 0
2259 2787 -344 0
2278 -680 1711 0
2449 1350 1578 0
-2769 -2549 1919 0
-2700 1307 2306 0
-29 2403 490 0
1671 -1085 -1241 0
-165 1878 -1557 0
296 2999 1112 0
-1161 2112 -1245 0
-2664 -349 2233 0
-2601 -471 409 0
-1324 -2572 1592 0
911 2604 1320 0
1516 315 -1867 0
2965 -675 1874 0
1983 1393 1858 0
2514 2600 2142 0
-2903 2192 -292 0
-2700 1030 -1193 0
836 627 94 0
2022 2189 -989 0
2497 1422 1477 0
-2682 346 -2350 0
-2320 1151 723 0
-1990 2043 1048 0
2543 1922 1792 0
-2934 195 -1258 0
-1362 -947 531 0
-812 260 2378 0
-524 425 -1781 0
-713 345 -99 0
-819 1586 475 0
1661 2 226 0
-2123 451 -28 0
13 2208 -1850 0
2320 -578 -1862 0
82 -2574 1936 0
-2559 1279 -1537 0
259 1727 -2279 0
-1128 -671 609 0
2371 763 1159 0
-2020 625 2305 0
352 989 -1192 0
2314 -778 2916 0
827 -1966 -2035 0
1213 1093 1643 0
1671 2436 1507 0
-701 2604 45 0
-251 -761 1009 0
2287 290 594 0
157 2956 -1237 0
2279 -633 2853 0
40 2976 -97 0
1059 2631 -2470 0
2206 1201 2779 0
-908 1474 683 0
2752 14 738 0
399 -2147 -37 0
2634 1098 23 0
-1175 2137 361 0
-1868 -1204 2132 0
-1746 -194 703 0
894 -2200 1975 0
2344 1517 1033 0
1272 -1693 2811 0
2184 976 -345 0
-804 -396 158 0
266 2175 -178 0
1483 2847 2561 0
-2148 1770 1660 0
43 1886 485 0
79 -2446 1926 0
2652 2605 276 0
1952 125 -1247 0
-988 2608 2550 0
536 260 1601 0
-1258 803 -1143 0
750 1726 2759 0
-2651 1871 -3 0
-2126 718 1600 0
1757 2963 2618 0
-2680 1516 -1479 0
-1179 -255 1903 0
-1354 1326 -1618 0
2027 871 696 0
-829 -1928 1108 0
462 2781 -930 0
2846 2917 2299 0
1966 2070 -2544 0
1032 -1012 990 0
2510 713 -1534 0
-2406 -2961 2923 0
-2405 1668 2594 0
-759 1032 1119 0
943 -1927 2833 0
2839 -181 910 0
-1770 19 1069 0
2916 2337 -1732 0
1468 -350 1288 0
-835 -112 1735 0
2048 1529 308 0
2282 -2396 1036 0
451 2230 -2259 0
2881 497 1751 0
262 -193 -1650 0
2339 2586 2331 0
1832 -680 2912 0
1802 92 1379 0
1073 -2886 2205 0
-2329 2926 1890 0
2755 2863 -898 0
-1947 751 -2983 0
-1303 -1419 2798 0
771 2597 -2220 0
1934 -560 -223 0
-2938 -2434 1750 0
2590 2287 -2554 0
-379 507 -1552 0
2549 -851 861 0
2926 1754 1902 0
-2085 -2469 1008 0
1819 65 -2311 0
-1136 -2556 1751 0
-1060 2882 -2408 0
-985 -1369 1866 0
-1647 1127 549 0
2955 935 291 0
-1205 2167 1141 0
962 191 1187 0
798 -1761 2153 0
3 -2778 373 0
-1765 -1917 668 0
966 566 -2897 0
164 -2149 -2924 0
2555 171 -825 0
2681 -899 1210 0
1031 -1933 -882 0
-70 -1112 2252 0
136 -1249 2685 0
1510 1430 -1410 0
-669 696 1649 0
-2677 965 -323 0
-2456 1279 2489 0
2028 -2055 -544 0
1274 2710 -2301 0
1285 -1707 -843 0
1490 573 -2282 0
613 1603 2745 0
-2263 -728 1848 0
-2186 270 355 0
-1177 -1187 2869 0
1457 1097 -1965 0
442 -2170 -1214 0
1555 492 -443 0
-2886 1631 -904 0
254 2730 -1791 0
-230 2924 788 0
2469 -1902 -1431 0
2918 1780 890 0
440 -2940 -820 0
1371 824 1040 0
-1851 1748 -21 0
-1827 -1835 631 0
2162 -631 829 0
-2759 1108 1507 0
2201 -309 -2814 0
-2192 2781 -105 0
-1249 1492 1299 0
-2914 1179 640 0
-2694 2729 1929 0
24 -2883 -342 0
-108 -509 2454 0
-1319 1651 -2152 0
-1453 220 147 0
2597 843 -534 0
2410 755 293 0
2752 414 850 0
426 -1438 -855 0
-8 -2230 2158 0
-2268 -1815 2082 0
2543 2886 921 0
1934 -1901 1770 0
-127 -2140 2171 0
2411 2863 346 0
2708 -2214 133 0
2085 -1960 603 0
2396 1840 2502 0
2073 -634 -1496 0
-491 197 2823 0
1440 613 2890 0
-1123 -371 1767 0
1543 2107 2020 0
1202 1629 2825 0
2159 1697 -2711 0
-1008 836 -1312 0
-483 -195 1974 0
2842 2393 1522 0
-1281 1462 -2708 0
-234 2590 2921 0
-2306 -2903 1939 0
-2848 2628 1704 0
1528 275 1422 0
-1714 829 1051 0
906 2409 -1188 0
1951 2590 994 0
2217 -968 1325 0
1471 2827 1797 0
2551 1780 -494 0
1785 -2342 2282 0
2743 459 -190 0
-2197 2799 2515 0
2552 -2369 -1927 0
1059 176 1040 0
-54 -869 2793 0
2163 284 -685 0
40 1812 -1336 0
-154 277 1644 0
1449 184 248 0
-2134 109 1321 0
-1974 308 -1124 0
-1989 930 -1010 0
-1016 1314 218 0
1499 -613 207 0
2413 1255 2352 0
683 561 269 0
1089 442 2184 0
2225 949 2709 0
-85 -370 2319 0
-640 1368 -1333 0
2160 1148 -2514 0
361 2211 -426 0
2483 334 81 0
1278 2453 2326 0
-1232 -442 302 0
1535 -1576 1125 0
1246 -2375 -296 0
576 737 595 0
-2312 1455 2961 0
2518 2766 699 0
-635 344 2007 0
-1161 -1660 1044 0
1838 189 24 0
-1116 1970 -614 0
-1701 816 -1931 0
2376 2714 1121 0
33 1365 -514 0
2025 -570 -2868 0
508 -602 -1645 0
1834 1390 751 0
1478 1920 54 0
11 2588 211 0
1791 545 -1872 0
903 -2854 2901 0
-1293 2954 462 0
1598 1613 2878 0
-2439 2321 2559 0
-1366 1871 -112 0
2576 2689 906 0
2802 1986 -2675 0
2614 -126 -335 0
8 1816 479 0
2216 1400 940 0
2740 -1603 881 0
-2834 -2424 878 0
1003 -2328 2345 0
2214 523 -657 0
-2506 -613 1439 0
27 -1551 1065 0
2555 2320 2877 0
1581 -2684 394 0
1003 1337 1953 0
776 2049 1215 0
-2770 164 405 0
508 2144 271 0
1157 1916 2330 0
-1160 1360 -10 0
1989 -1077 -368 0
2238 2632 2178 0
646 736 -1689 0
272 -2483 1024 0
2093 1130 2114 0
1892 -1193 378 0
2558 23 10 0
2803 -274 2424 0
-958 237 -1058 0
470 2030 105 0
1743 -967 -2868 0
-2020 2377 1987 0
-2487 2674 -1183 0
909 2867 350 0
459 1169 1038 0
1268 1327 1734 0
-2408 1319 -1338 0
1733 110 1221 0
407 655 -511 0
1604 353 -2064 0
1492 -22 -1634 0
1130 1912 2099 0
1426 -1611 -1677 0
494 1145 -2785 0
2993 505 2416 0
362 -2069 -2455 0
2806 808 1836 0
-1447 -1975 1505 0
-559 1890 1852 0
1867 31 1720 0
95 2469 2640 0
1338 -1958 331 0
2044 2972 673 0
-2630 522 1138 0
2893 2436 2449 0
1010 -624 -1247 0
-2334 -1568 2164 0
295 941 835 0
1495 1691 2923 0
2958 2277 -1452 0
2909 1579 -2555 0
-616 -1851 429 0
87 2278 -1330 0
2452 2368 -2677 0
1522 -1885 -1569 0
-2336 1690 -558 0
2421 -1584 -2738 0
2083 2896 -1162 0
533 218 1845 0
-2699 1858 1345 0
1100 -466 332 0
-1847 -1581 2927 0
655 -2763 -1317 0
-1263 154 2464 0
271 -2693 -2235 0
2665 466 1208 0
2164 -1329 2870 0
892 2640 389 0
1233 -2763 -1448 0
112 1329 1410 0
1326 1649 1412 0
-455 -1199 2697 0
2561 1711 2270 0
1579 1145 855 0
2885 -2720 79 0
-2596 2786 -2089 0
2014 1861 1899 0
383 2768 -1402 0
2152 -261 -2760 0
908 -1092 2631 0
1476 94 1812 0
2934 570 485 0
2029 183 2692 0
-2205 1407 2962 0
445 1258 -825 0
1265 245 1384 0
-104 1760 -981 0
-1209 1425 -157 0
2648 2365 -2249 0
782 -1205 2647 0
-2333 2450 -2268 0
-399 255 -14 0
1083 265 160 0
2000 -2461 526 0
-2484 -1233 703 0
-1705 2015 -1541 0
-2692 2226 -2248 0
1858 1656 743 0
-1415 -2419 1012 0
59 2432 475 0
-653 1926 -1717 0
2723 380 2381 0
122 -2481 -252 0
645 1324 2671 0
-184 -63 292 0
-1214 2579 -2611 0
1294 -2392 1614 0
1477 2022 -1822 0
-1173 1796 765 0
2390 -1783 614 0
-518 1713 -2201 0
156 -2223 -1647 0
2885 629 2255 0
243 1345 2609 0
-1660 -799 687 0
-2565 1932 -900 0
-304 2156 -1374 0
304 1257 1101 0
957 -405 -8 0
2972 -394 -133 0
870 -1806 2684 0
1907 2484 72 0
-2463 1434 2578 0
1682 -2180 -2727 0
1331 751 1452 0
-2879 2239 849 0
1155 511 1269 0
1545 1295 2153 0
1323 155 -47 0
2133 2394 2839 0
-1082 2450 3 0
555 -750 -2254 0
2599 1665 2726 0
536 1379 1565 0
1641 1021 -1997 0
2074 -1240 -1230 0
2958 2749 875 0
1036 -2674 1280 0
2635 236 2307 0
1175 -700 325 0
-1613 -2642 1865 0
231 1176 -1201 0
504 76 2496 0
2253 2848 937 0
1177 573 2023 0
-658 2974 1203 0
886 2981 2215 0
-352 274 -450 0
1842 -1422 -1279 0
-1830 2741 820 0
-1563 -1124 903 0
1763 2385 1756 0
-2536 -1675 642 0
-1216 -424 1555 0
2694 104 -60 0
2784 1687 2691 0
-2275 844 2656 0
1250 -728 818 0
1250 -2323 1816 0
335 -772 -393 0
1405 1074 1978 0
1603 2134 1435 0
1971 267 1307 0
-2967 -1101 1527 0
-2748 2486 2287 0
2231 744 1382 0
454 -364 -2395 0
181 -1800 2447 0
1399 -418 168 0
-185 201 934 0
-638 2007 2023 0
-154 2345 -342 0
2705 2374 1644 0
2411 2065 -2983 0
970 428 1858 0
1225 1200 2066 0
1012 1109 2013 0
1200 -2734 -1705 0
1142 2339 -171 0
-1062 1076 314 0
-2222 1013 1200 0
173 2633 2774 0
14 768 175 0
2708 1026 2818 0
-366 281 -1772 0
935 1208 -1980 0
1145 -2683 1387 0
2538 214 341 0
710 668 2056 0
-1513 -2582 1315 0
1291 -812 439 0
2986 2120 441 0
2570 388 -2306 0
-347 -536 770 0
1376 2252 1746 0
1171 -1466 -882 0
-672 -2157 578 0
2057 -1409 2354 0
-1023 1860 2769 0
-2060 1875 -2796 0
1423 202 1914 0
507 -2695 -848 0
283 -1529 -1308 0
1345 1485 465 0
661 1512 98 0
2216 -2925 -1367 0
2421 2510 805 0
2813 -2802 -1321 0
2835 1393 67 0
258 299 -2026 0
887 142 2139 0
1671 -829 2079 0
2675 -190 -814 0
2509 -808 2679 0
-1841 -1621 1919 0
-2008 495 1886 0
2404 -2196 1528 0
2077 1862 882 0
-1082 -2942 1516 0
2824 -686 -988 0
2453 1665 -1629 0
1301 154 1417 0
-787 2151 1240 0
955 256 1751 0
1720 2469 616 0
65 1319 -2646 0
-2701 -2815 2031 0
2072 750 1727 0
1494 825 -1346 0
-925 1071 -784 0
734 2822 1883 0
-2344 -987 79 0
488 -1698 -2533 0
2376 -2288 1749 0
-169 847 121 0
-1250 935 -1588 0
401 -690 1287 0
-610 -2935 1896 0
51 82 1062 0
2730 -901 -955 0
-2455 960 -2492 0
2443 1056 -2718 0
-2234 -1897 2547 0
2603 -1180 2263 0
855 -2694 -1597 0
2889 2580 789 0
270 2807 -70 0
-1088 2813 420 0
2485 2368 1450 0
1389 -1676 -2282 0
-41 1308 624 0
1664 -1782 -2814 0
1448 934 1226 0
-2976 1764 2142 0
-40 -2393 957 0
-1858 2861 1757 0
2003 -1950 245 0
3000 -2971 1173 0
2107 2230 120 0
2268 -1831 -985 0
2164 -1144 1081 0
-1773 1404 1843 0
2116 2105 -2496 0
1583 411 753 0
1183 141 369 0
-1999 334 -2411 0
-901 -204 583 0
479 156 -1777 0
-442 -1213 1327 0
803 2015 2936 0
-1293 1089 -2709 0
-387 -1210 458 0
693 2351 -852 0
1494 2732 1825 0
-1657 2966 1851 0
2018 1775 934 0
2890 180 -916 0
1386 -843 -283 0
908 -696 1273 0
-538 -809 2453 0
-1292 1162 -1396 0
2222 -1037 -2254 0
-2762 2781 698 0
-2759 -663 2568 0
438 2841 -316 0
499 605 353 0
185 2145 1718 0
-2792 111 397 0
-2650 2930 -2427 0
204 2124 -1371 0
886 1400 -2671 0
-2663 -2828 1628 0
1554 165 1940 0
-2700 742 833 0
-994 -2422 2585 0
1755 1457 980 0
1360 1031 1203 0
-1526 -855 1017 0
1010 2 -982 0
-13 2757 2788 0
2079 -2455 1966 0
299 2253 2401 0
1499 1613 2335 0
2920 -1007 -367 0
2407 -942 1074 0
183 1796 363 0
906 -1182 534 0
2103 -887 -629 0
-9 2385 2534 0
309 1278 2588 0
-323 976 -36 0
1344 -2190 -1848 0
-2695 -1353 902 0
-2693 1225 1438 0
